beer pptrans
42.528 62.113
306.483 212.537
134.308 69.883
4187.248 1108.902
1292.975 1533.088
194.499 232.514
226.941 107.208
122.669 109.548
305.156 211.306
148.713 104.765
384.33 269.573
1472.775 2552.861
95.596 86.778
257.569 162.653
3697.722 2833.068
742.162 569.194
2189.592 2787.414
874.555 1724.989
1850.345 2860.137
195.405 322.678
13.611 13.402
296.039 208.242
791.968 1327.093
84.387 73.535
42.57 88.656
1094.767 950.597
1077.789 933.384
51.709 41.659
149.488 136.279
34.122 89.738
6712.306 3716.968
437.04 154.642
48.445 40.133
296.705 379.961
51.938 78.245
506.036 481.343
156.042 133.055
1178.497 2319.291
306.58 184.375
2837.808 3536.482
356.934 156.022
613.03 364.134
595.216 366.151
405.434 292.441
97.908 118.244
450.723 4923.464
775.605 774.889
2591.55 395.923
393.13 287.103
482.656 176.507
2299.429 3073.423
1916.891 799.216
581.96 363.474
2955.086 796.91
141.979 53.052
704.892 333.684
742.32 606.225
153.311 81.537
2708.873 3763.687
382.376 158.269
163.134 186.715
2934.068 754.234
3096.019 4151.683
20.174 51.013
376.35 236.999
1958.282 2771.561
124.644 110.18
589.431 456.643
53.902 40.495
721.348 480.563
903.775 598.311
127.671 107.811
582.494 368.045
536.075 460.525
24.431 23.698
2494.645 596.068
162.95 112.939
401.196 255.218
9.896 32.637
14.261 13.36
683.615 2117.017
312.956 366.068
2747.684 4323.751
309.351 358.12
1040.312 631.011
1277.896 998.076
123.019 110.094
6928.511 3846.071
124.042 448.648
12890.929 4687.104
3407.016 1916.383
341.083 322.756
156.013 132.231
1798.826 1691.067
39.396 32.719
5276.399 3049.771
661.462 743.513
537.655 2490.37
165.541 148.497
1864.146 583.649
806.305 356.195
1011.344 1760.068
309.877 213.871
550.013 422.993
976.777 578.919
1120.519 937.242
2863.771 741.205
101.204 194.14
491.751 587.14
487.291 207.093
120.476 106.54
3134.819 4153.363
122.451 107.837
34.651 36.394
133.753 69.506
1248.702 798.749
355.956 174.369
337.896 1314.014
121.53 110.807
963.206 435.927
2317.13 845.662
1394.14 1238.068
307.99 210.515
2027.951 3933.646
2014.787 2932.86
36.487 37.939
1815.539 758.467
1860.652 585.646
583.303 364.323
574.434 491.422
779.167 823.632
754.69 1624.014
135.794 122.35
1774.843 564.594
191.537 120.132
71.858 173.379
510.965 228.387
1962.62 1113.653
648.446 206.76
132.936 56.653
327.097 62.581
120.76 108.062
2787.807 1655.73
55.709 39.144
1063.295 829.358
16.717 36.759
566.157 343.668
6800.271 3882.483
1775.066 846.164
9296.117 3996.493
151.216 137.776
93.686 45.403
1127.011 706.087
115.215 110.505
1404.805 2764.571
288.193 248.605
154.622 132.863
4330.787 609.181
1857.611 596.139
1789.369 725.715
222.286 4350.467
309.782 363.581
11.999 17.547
2302.128 922.896
2745.251 1210.995
154.67 134.018
166.981 92.367
152.032 134.248
844.902 392.485
335.928 363.508
120.424 107.325
381.244 204.663
817.165 586.844
44.684 78.633
812.201 491.013
120.409 107.371
20.875 25.16
122.127 108.444
237.139 334.593
237.186 316.376
24.912 33.401
3411.42 3698.267
310.441 212.127
1089.648 953.082
122.15 108.74
578.694 364.558
804.098 736.819
125.089 111.942
434.743 402.453
309.626 200.563
264.706 353.851
303.998 357.665
292.429 167.229
337.565 227.462
66.564 54.552
407.369 874.124
1217.846 1339.732
92.117 91.054
1271.258 997.062
186.938 160.949
2068.222 1627.657
306.894 212.916
160.41 81.534
2158.704 2322.042
170.098 114.789
834.971 738.335
328.005 415.368
1174.653 2260.348
335.08 626.441
175.278 347.393
427.463 398.813
75.279 116.874
682.861 247.307
123.158 108.831
626.143 287.849
1165.962 2392.853
150.518 137.241
1464.648 1626.56
1031.089 2290.934
89.273 49.297
548.239 212.685
523.802 738.903
1154.878 2240.17
50.563 41.738
618.516 247.37
1722.455 1635.867
1867.787 1574.253
1133.935 2116.3
592.12 1567.916
123.512 109.232
585.691 364.508
1254.725 562.989
123.199 109.052
204.718 242.591
158.382 235.484
730.98 613.662
1068.114 872.489
621.236 2160.56
375.031 357.871
150.722 139.522
1640.355 1210.016
277.42 291.383
17.474 19.656
150.112 138.081
71.667 174.367
437.494 402.219
82.777 86.529
3946.995 2139.783
150.381 131.696
120.066 108.188
2637.282 3342.89
2169.287 3407.895
1215.138 1328.25
2752.014 3833.258
310.507 211.299
5169.193 3115.093
1164.305 782.586
150.166 137.117
511.478 3526.44
143.876 130.888
1801.225 572.175
151.593 136.907
792.105 410.731
191579.642 311.801
92.106 103.482
309.094 211.713
728.643 712.415
460.132 228.657
3517.071 3290.426
154.364 133.14
482.245 163.254
1913.567 612.371
309.271 1314.656
852.768 816.393
305.11 213.548
68.771 56.467
5022.477 2782.314
216.661 173.094
584.134 367.331
331.036 395.618
583.842 263.281
122.184 107.988
301.697 148.131
112.515 84.505
1868.724 3903.088
547.795 788.535
60.998 99.12
462.162 346.716
200.499 3684.251
1075.917 834.057
3498.992 3188.347
55.363 157.754
12.884 23.234
381.138 166.581
341.217 228.094
600.131 328.049
2242.304 3172.123
3417.549 3939.398
404.646 1013.199
442.133 274.471
312.124 153.125
4660.484 2923.888
1999.655 1459.298
689.914 620.693
276.216 343.307
1656.516 1519.169
592.726 355.144
9.301 8.993
30.737 284.631
793.758 1570.456
119.16 107.317
513.155 569.809
311.219 152.662
515.556 601.568
704.388 428.949
680.419 1920.248
5298.319 1604.914
582.665 364.08
120.762 106.968
2748.748 2457.235
3162.269 530.216
1557.888 580.225
1787.141 4541.8
1161.466 98.48
56.667 46.514
200.238 174.892
122.169 107.452
48.427 391.928
972.287 91.003
454.197 199.199
31.46 33.349
2750.483 3427.467
156.912 131.883
768.137 357.114
2012.956 3178.994
472.299 263.74
3427.37 1889.977
131.482 102.399
17.916 20.268
96.612 113.568
6568.636 2839.345
4649.661 1223.243
2096.919 2761.18
156.591 88.926
438.296 320.327
513.548 602.315
3066.929 3966.393
4310.678 3316.432
643.159 368.948
581.821 364.913
2291.787 1413.31
544.353 874.677
3020.691 2688.565
21.062 21.234
1119.012 972.141
2806.505 3130.398
206.276 116.159
1250.589 2602.482
143.432 131.465
1269.97 1363.208
161.762 522.981
1070.535 866.422
119.157 107.219
307.126 362.521
1146.841 973.359
134.884 124.886
586.577 366.588
1843.752 566.182
246.564 201.57
1228.264 1962.366
1080.87 634.471
1793.193 1307.376
965.279 872.273
124.369 107.984
307.137 211.951
3677.606 4632.403
4652.149 5020.075
169.749 894.334
171.938 223.458
84.115 115.244
50.338 89.894
83.343 53.877
280.117 166.753
630.637 559.388
1828.39 566.466
1942.266 2899.899
210.002 332.207
584.619 987.567
19.846 23.872
130.554 134.977
129.526 133.142
6649.563 3709.34
899.198 959.896
399.621 612.533
1882.209 1963.999
2179.852 3005.987
120.919 107.701
47.31 39.29
3432.536 3612.585
1628.791 75.358
514.714 605.754
44.947 25.785
63.184 80.741
498.1 734.581
587.556 367.838
2159.653 812.764
305.744 358.331
718.883 280.476
32.785 37.049
2031.452 3282.904
121.574 106.48
311.879 212.584
145.481 136.34
47.087 40.498
310.915 215.739
65.298 119.206
2814.135 981.041
307.96 360.834
508.858 604.185
311.137 151.663
1245.014 2694.393
744.414 650.767
271.024 178.467
148.155 2754.556
312.795 362.096
2150.165 1323.854
260.703 215.515
271.138 98.234
73.819 107.478
139.044 107.483
961.409 616.785
162.309 72.366
679.447 1746.839
943.055 611.767
1863.018 586.85
307.794 211.112
2856.862 765.05
119.685 252.869
187.545 291.461
148.667 136.249
135.497 147.725
2480.759 3323.859
1221.881 1326.596
213.302 576.572
1888.788 2058.311
625.685 286.987
312.493 210.446
546.321 2619.522
1228.297 999.238
586.885 364.242
586.808 367.342
120.284 106.419
6818.992 3769.083
620.408 2182.895
23.122 42.486
62.891 80.503
1896.489 789.971
1603.846 1830.24
166.727 121.822
701.953 430.128
515.901 604.365
584.789 365.044
409.719 310.117
122.904 109.632
377.687 238.867
1022.233 596.725
476.134 234.454
2748.638 4174.942
6677.597 3712.714
739.419 1489.408
66.153 1256.674
2114.342 2912.631
4411.607 1966.075
124.901 107.664
2722.662 3469.144
45.114 26.78
2183.68 2294.523
303.767 614.977
1866.193 1274.435
57.682 31.285
199.532 132.345
475.611 357.602
1229.692 2614.279
3523.657 1452.423
51.374 87.173
198.632 152.634
13.095 16.964
58.741 124.142
796.887 2119.305
162.215 90.941
77.469 224.887
973.875 646.407
237.677 116.675
3345.267 2512.064
143.461 132.542
1530.83 1038.171
1951.748 2723.759
2624.402 1295.428
2145.595 3700.436
1784.239 945.391
2777.111 3306.362
390.01 169.045
621.92 481.48
1168.237 647.165
245.582 442.282
2827.931 3577.875
624.098 241.358
6928.138 3876.188
121.477 107.509
1816.515 569.355
39.458 82.273
1146.508 837.458
4512.487 1440.575
282.555 414.789
140.417 108.109
4795.408 2673.514
1411.409 1016.314
1227.608 1534.929
5308.512 2339.665
112.299 107.97
492.643 420.181
23.133 22.147
125.579 109.864
2059.275 2981.338
122.018 109.598
338.577 226.306
1531.93 1578.311
904.263 975.172
1387.107 881.945
1562.08 1398.128
651.372 408.689
342.328 775.509
59.84 51.121
485.138 208.064
121.577 107.596
541.332 357.466
2166.158 2664.407
2026.515 3936.4
1549.746 2779.101
1282.055 781.078
6531.255 3649.541
91.225 91.585
148.301 116.835
3426.312 2508.273
169.707 890.974
1058.424 879.468
151.748 133.186
76.528 111.977
122.885 158.445
581.344 296.322
127.396 115.284
202.006 154.935
745.119 1859.736
1866.455 1434.517
308.768 368.051
1154.093 912.253
104.91 82.799
72.158 78.711
113.028 62.517
149.518 270.103
1871.941 4340.508
2456.506 1098.617
629.831 1252.071
307.173 211.071
142.456 118.599
278.146 930.143
6589.365 3950.982
514.754 600.508
1567.415 875.986
2675.17 2562.216
581.829 363.262
1341.649 812.044
501.038 612.975
1955.183 598.205
340.063 779.171
170.969 95.102
37.567 151.172
1219.294 1336.415
48.478 28.253
2109.895 1483.1
1111.032 938.399
92.011 3952.677
1279.611 841.447
122.366 107.8
589.14 370.025
664.856 664.77
1930.901 728.356
23.796 26.528
334.474 67.884
583.849 366.403
4101.451 2416.515
92.612 71.036
132.407 267.086
113.968 78.131
587.39 366.914
148.685 133.664
589.298 363.459
205.417 172.239
85.942 40.305
124.099 109.847
1274.972 821.074
590.026 1001.133
121.322 106.29
123.611 111.581
3704.305 2329.417
63.225 79.274
136.371 105.778
123.609 108.143
2430.086 2675.811
1141.045 778.792
363.018 192.618
6957.097 5166.88
94.88 124.317
445.33 1886.444
31.146 31.477
445.688 432.535
51.488 59.768
114.895 435.782
4733.941 2648.307
150.704 132.335
415.526 952.479
150.941 137.895
1697.643 1477.312
722.544 342.789
188.12 173.316
802.001 1533.81
266.082 352.554
599.228 1483.721
2623.068 3704.38
121.73 108.191
153.607 113.429
217.618 242.316
245.158 276.285
444.796 542.58
19.262 21.841
326.129 229.383
307.812 1182.808
3338.678 3769.256
149.953 136.658
1236.042 1069.928
369.283 177.035
223.907 113.645
200.879 245.31
164.005 103.125
584.679 361.452
6982.27 3860.281
1777.799 4559.853
207.457 254.041
43.666 130.758
440.318 749.69
339.167 161.309
52.638 51.029
149.525 134.819
683.059 879.916
83.613 47.071
6959.008 3844.541
46.165 47.923
150.927 137.268
236.24 182.313
812.813 493.367
125.837 109.45
940.62 662.803
48.968 40.363
109.76 364.217
30.053 57.979
3043.317 3979.195
213.525 171.72
2183.828 3180.886
6904.509 3862.026
1700.47 1631.983
1402.715 849.522
365.513 258.08
1889.037 782.622
140.073 106.801
1995.572 3010.291
856.203 1698.62
311.821 154.008
56.643 159.362
47.502 57.502
3743.892 2914.468
1624.297 607.84
212.423 2714.585
1404.959 867.752
287.279 249.543
1873.832 736.643
528.725 448.744
3385.767 2526.269
803.318 615.239
1984.241 1120.947
120.731 109.304
47.328 28.186
156.926 150.844
158.388 152.698
2201.864 4076.839
418.225 364.342
1073.95 912.643
3511.991 3692.786
1033.966 553.651
445.763 772.391
167.139 141.458
729.546 695.217
27.818 32.909
2086.174 2760.58
22.866 19.052
306.331 212.047
307.715 360.542
1085.548 933.937
714.826 727.147
625.307 1621.479
104.778 117.468
45.401 75.729
309.384 211.643
2818.741 1909.322
149.749 81.431
148.984 136.704
221.266 96.001
327.127 216.528
2796.535 2015.299
122.751 110.292
1109.051 1236.485
509.453 373.388
169.584 136.394
307.032 214.635
359.972 198.479
850.695 900.939
2350.328 1538.071
149.672 136.973
57.323 47.061
1245.578 1066.358
93.868 111.623
560.551 373.27
538.018 1702.021
1940.381 1292.099
2783.501 2459.181
4198.485 1286.117
30.611 68.49
1307.237 774.384
87.054 108.154
1103.875 2275.673
121.248 108.494
704.918 593.213
1068.014 836.847
231.46 116.215
85.948 78.689
2418.363 1228.998
341.769 503.513
1496.056 1157.548
306.47 211.402
75.975 44.759
176.71 122.949
1896.166 136.074
95.974 77.665
624.324 557.894
237.275 325.67
82.015 46.931
173.472 156.179
29.516 49.577
977.704 578.386
1764.369 1489.42
132.473 93.046
252.201 495.871
1884.69 468.132
119.655 106.936
770.104 352.021
120.75 107.309
705.022 428.328
103.285 144.763
19.749 24.347
78.282 222.686
643.953 416.513
53.376 300.321
1911.784 609.52
270.68 194.999
2633.477 3666.768
123.679 108.791
187.996 138.074
12.705 23.856
49.826 40.341
385.769 270.699
192.971 149.848
708.617 345.433
2928.983 756.378
344.015 229.513
45.672 26.266
1898.42 1437.697
2157.499 2654.897
758.452 770.582
3174.503 3034.16
147.871 135.196
476.704 208.454
123.891 68.464
3809.21 2293.781
1217.018 1336.269
134.249 56.16
153.33 134.485
703.546 427.852
2413.063 3778.328
441.073 385.48
121.925 107.426
14.905 21.666
2763.383 3628.409
239.609 342.523
60.969 147.018
968.609 1859.761
449.122 1912.959
587.699 1013.448
308.533 212.477
307.227 364.093
155.544 141.62
369.748 232.386
578.049 2291.922
582.916 345.256
48.493 40.252
1642.223 896.118
700.143 1479.624
255.031 151.281
3482.724 2210.887
122.476 109.245
1184.537 2214.82
1270.232 963.865
105.837 55.884
787.8 2799.284
579.601 200.1
7704.26 4181.899
1241.603 1400.177
1218.032 1335.162
52.635 291.776
120.973 107.232
474.599 97.026
480.176 467.862
17.205 17.307
189.69 226.953
3059.013 226.895
2334.252 3594.084
1983.385 1131.443
155.503 88.824
612.815 757.349
2641.991 4325.406
583.016 366.369
947.646 752.181
151.299 137.202
152.417 133.332
153.941 132.661
191.433 124.866
1203.54 1021.463
1890.694 2174.027
311.857 65.795
120.107 108.567
343.857 229.602
251.009 78.982
120.208 107.032
126.239 90.074
1371.181 2731.412
617.409 407.756
340.314 227.336
525.533 1458.693
2797.899 1694.183
148.401 132.051
1060.144 879.504
2845.955 3686.252
149.488 132.224
621.35 237.496
341.556 228.667
121.251 108.876
522.33 722.448
457.543 348.526
221.736 173.97
29.153 27.511
4802.354 1409.244
121.572 107.93
172.807 120.953
1161.461 3401.06
443.494 275.071
2501.77 3558.992
121.085 110.224
31.139 53.243
94.624 92.264
943.368 1275.816
149.529 137.019
2044.125 3105.756
160.383 161.02
377.417 1737.94
27.958 132.733
122.559 109.835
77.997 97.988
306.525 210.697
120.514 106.734
319.304 2643.219
796.516 671.65
169.438 95.411
584.757 365.123
45.745 35.501
312.414 288.391
152.803 272.053
22.34 19.336
2734.027 3953.73
132.955 67.363
261.235 501.963
124.678 108.731
1609.746 127.877
757.22 3855.985
47.909 64.902
115.209 100.808
964.047 2035.63
2367.995 1072.774
149.22 132.037
657.921 584.778
402.244 287.007
189.575 227.942
119.889 107.539
2298.705 1198.518
497.179 2064.958
1854.038 3215.234
170.847 95.844
47.934 80.838
187.172 577.816
307.397 212.205
112.847 66.879
1997.986 1127.307
2302.209 835.262
959.388 431.616
2621.525 1294.875
335.051 175.215
1062.414 882.255
2302.409 3796.502
1349.373 131.224
100.473 115.732
222.444 184.048
580.334 1629.723
95.532 439.916
2132.307 1519.558
30.745 33.059
247.879 4266.91
985.926 540.201
415.429 890.968
2539.651 2573.862
35.308 107.045
2286.639 3467.684
148.971 137.721
1860.422 588.578
3374.089 529.172
82.166 53.639
1180.193 918.851
857.284 744.2
149.394 136.614
583.228 362.106
1186.081 2445.98
2934.531 754.004
2785.322 4134.019
1223.594 1058.156
40.629 68.855
22.064 22.937
1219.48 287.62
152.939 135.998
167.683 120.652
425.815 464.797
1837.06 1601.526
2970.439 2195.841
130.727 138.816
964.507 521.922
4758.075 1410.12
1149.47 866.31
3043.109 2687.401
2125.115 2950.418
156.958 134.297
41.255 123.346
556.938 483.349
987.983 581.219
2778.711 3155.694
121.331 109.932
27.133 32.098
13257.678 4858.209
495.369 291.537
148.493 109.015
474.733 2011.622
2074.93 3756.715
3535.052 3296.979
864.384 2038.242
584.314 365.029
2753.629 1217.189
1786.452 1567.864
909.576 987.556
2836.942 3693.742
64.505 49.741
340.057 226.932
1841.109 1636.387
432.152 214.482
483.837 207.793
190.463 134.362
583.534 363.683
2645.102 3395.515
91.961 63.411
177.818 153.013
171.964 95.516
2624.174 1300.824
4917.645 1479.821
1952.328 600.921
2384.937 3559.27
149.771 133.76
96.541 1058.31
200.912 178.359
467.528 262.919
24.548 37.014
2112.645 3866.406
620.686 699.962
230.201 172.975
274.396 99.398
582.242 362.84
1058.44 629.441
2927.947 3610.717
1029.015 453.602
141.554 132.009
1021.404 594.14
706.716 428.312
1240.522 1068.675
120.777 107.089
1855.348 767.955
698.389 269.73
122.704 107.096
97.712 65.238
33.89 62.093
851.801 398.187
360.469 202.207
582.282 365.856
2907.459 769.437
199.496 234.035
3244.995 533.464
550.222 700.539
2091.18 2676.036
193.472 106.5
296.469 167.185
85.357 40.421
3856.968 1112.826
1938.713 2266.993
135.029 87.754
98.799 350.262
2227.771 3107.507
1077.015 814.454
629.702 283.571
248.344 267.566
759.263 363.915
189.19 91.663
189.405 228.063
120.421 110.832
46.379 35.313
1827.001 1529.894
150.49 137.572
41.358 59.412
206.294 115.771
273.946 209.531
192.785 106.501
158.852 117.751
2492.974 3470.89
220.774 190.893
87.095 63.745
820.306 1979.015
717.74 343.492
268.901 186.51
138.77 268.706
882.649 241.234
286.55 347.314
2532.509 3264.36
71.478 83.935
306.675 213.739
1766.207 2780.405
45.064 60.371
115.501 78.76
154.714 152.198
383.932 157.781
2933.689 1263.902
149.669 138.815
229.203 152.299
125.297 107.664
286.758 174.701
2511.252 1289.859
2230.563 1379.763
804.429 382.63
188.798 210.758
179.465 310.341
91.891 90.961
3583.289 2420.518
163.371 90.328
260.268 422.852
1983.861 1124.134
1677.919 2999.571
619.201 371.566
2725.296 3372.286
494.998 259.532
832.137 1666.604
513.871 749.279
2208.629 4115.473
206.565 293.868
1198.599 533.903
146.027 85.833
3564.775 2397.729
3134.004 3811.477
16.706 19.251
67.084 777.099
1723.656 2598.074
333.064 186.736
336.687 193.69
5008.227 3854.135
161.167 117.148
307.424 274.233
282.081 167.088
1238.45 1157.163
649.251 556.468
18.746 21.874
1773.854 4478.812
303.083 219.294
51.51 38.215
613.205 2518.634
31.62 26.383
477.719 173.018
2177.512 3098.877
392.907 1335.183
1828.678 1447.23
63.027 79.395
2121.502 2662.796
119.599 108.243
2671.315 1094.048
306.362 212.25
22.88 26.81
1941.355 1282.623
256.455 175.012
1607.233 1478.817
289.371 155.115
982.896 575.914
1841.691 4460.522
420.448 354.895
326.878 390.485
154.798 135.261
242.801 165.701
868.065 1145.554
654.812 427.525
862.538 1720.87
10.975 16.434
149.16 138.741
234.039 116.59
832.428 985.539
343.988 207.4
297.494 134.802
2619.656 3390.837
24.608 45.822
214.256 2937.215
427.623 400.051
1486.892 859.152
418.51 364.802
105.212 59.044
557.191 416.058
120.16 108.023
1650.647 907.624
488.996 418.805
6810.217 3767.733
582.85 364.119
1141.803 982.87
2560.042 1292.078
595.291 1267.872
747.791 624.318
310.118 362.732
89.233 139.749
174.437 277.049
583.346 366.37
583.706 364.809
201.294 155.83
291.264 167.792
537.29 357.157
920.902 605.259
524.38 1478.471
135.831 102.707
4783.716 1411.739
3019.724 1497.622
336.336 159.958
2752.227 3947.003
413.624 365.12
3001.224 1499.356
120.781 106.766
158.152 135.28
326.286 528.067
442.049 1558.274
540.256 356.563
864.32 434.475
3171.535 3912.672
432.933 508.191
582.596 367.186
345.664 230.787
341.35 474.63
9820.735 3992.288
75.744 58.683
56.002 43.649
825.752 488.967
9538.31 4913.223
47828.063 1054.274
251.25 346.625
699.834 822.91
342.231 140.675
64.301 100.249
550.559 747.711
2094.572 1126.142
1139.814 943.04
123.726 122.997
92.171 47.052
150.604 137.42
661.774 2256.43
152.921 136.757
108.07 104.822
1151.067 791.948
4801.677 2685.458
741.132 438.141
407.551 862.321
122.502 111.109
6707.2 4506.112
1540.807 399.928
120.841 116.12
120.696 286.33
147.643 133.351
209.603 315.351
387.62 260.606
163.217 134.763
147.494 963.542
1135.142 2253.889
422.49 2288.392
39.084 61.542
445.981 1893.615
3276.23 1844.471
35.358 77.326
6806.452 3789.735
121.553 96.466
226.173 179.294
151.816 137.132
1446.417 1024.067
543.369 712.946
122.467 107.546
30.622 32.308
705.97 1983.917
1756.402 3009.146
335.73 461.7
366.007 492.862
188.25 148.316
106.857 59.239
142.171 118.305
375.658 147.65
652.845 666.209
307.771 210.552
45.541 37.356
308.282 210.871
754.872 484.228
588.099 398.211
370.352 429.786
900.949 4782.181
414.697 2715.026
235.051 2462.319
1135.154 414.56
26.433 23.513
438.609 345.88
29.832 33.694
589.344 365.759
43.139 36.148
22.318 39.949
62.08 36.088
2309.988 1483.807
4637.561 1368.898
45.572 32.694
23.718 24.958
1586.752 898.739
205.551 199.931
20.594 35.528
428.63 794.877
2887.391 1986.576
2757.722 3285.65
560.483 1079.839
357.443 662.561
137.993 108.133
1820.553 768.228
2302.084 1528.995
329.16 528.437
2151.177 1533.533
1984.411 1468.446
312.599 212.167
116.134 67.363
173.61 223.362
580.95 363.244
1218.203 2191.647
3036.81 3975.52
407.482 686.929
198.481 92.645
153.784 133.523
838.136 403.918
588.065 368.778
10.208 25.443
202.843 134.949
465.725 420.562
1849.817 1638.836
91.64 91.791
77.732 112.287
1233.332 1044.256
386.853 211.701
13238.424 4857.051
21.841 38.96
122.907 109.455
861.273 138.946
435.703 431.142
128.516 116.605
147.052 131.599
1141.429 659.479
392.09 249.695
87.99 176.926
288.276 595.045
187.239 312.975
703.678 431.785
170.374 96.062
122.552 109.368
630.782 283.242
605.735 381.979
107.285 119.615
457.849 539.019
541.388 543.315
835.834 396.894
416.375 729.097
3363.066 965.694
459.11 413.682
700.633 2530.574
517.492 573.339
150.553 136.964
1131.255 809.743
523.288 312.238
1855.769 585.623
3129.687 4004.818
700.527 359.362
489.839 290.466
3138.511 3889.41
1781.488 995.502
3224.753 4406.7
23.544 25.351
613.029 446.8
589.147 362.738
1793.303 735.4
1070.901 619.549
231.082 489.214
812.8 756.97
2508.737 599.075
252.307 80.65
1912.465 787.971
307.083 210.808
23.355 44.985
27.507 30.68
151.964 139.1
2658.829 1468.282
5100.567 2844.596
636.67 1612.339
579.768 995.221
1912.612 794.253
1294.43 1108.079
311.651 210.879
321.637 218.834
62.707 80.85
800.086 1676.084
1127.018 769.77
122.955 108.181
2787.501 3158.77
662.881 1279.539
1180.205 1011.474
176.946 97.337
428.187 402.212
583.55 366.918
593.013 355.319
2640.55 3089.231
232.191 116.386
2213.572 950.754
48.979 291.339
280.061 261.478
25.469 26.146
152.667 136.907
977.981 1863.497
584.661 366.494
493.76 203.811
171.686 96.814
832.631 554.084
1628.572 896.455
158.459 199.264
46.562 39.119
149.668 139.524
586.754 366.906
858.937 431.979
50.137 36.492
68.138 54.85
316.051 391.282
170.727 170.152
167.906 244.831
582.967 365.756
34.238 36.569
509.12 665.307
305.027 210.717
154.017 138.067
634.547 590.086
68.392 53.586
203.436 63.73
271.037 125.802
972.73 2120.477
3502.188 535.175
374.682 201.599
293.631 131.513
197.814 92.032
2541.023 3383.992
563.344 479.819
831.399 1690.689
71.407 192.717
428.603 292.719
2934.908 752.469
459.18 1917.678
126.059 132.519
173.879 106.897
54.452 158.103
1138.144 1082.635
923.919 562.482
121.424 108.807
2430.203 1116.65
307.291 212.071
1783.921 3623.864
802.015 485.867
583.93 364.989
587.219 1001.188
49.404 40.787
150.842 148.462
1896.582 617.264
1380.958 839.458
1058.581 878.004
1034.934 460.024
2143.687 1631.532
14.963 32.387
73.687 42.896
463.593 257.464
514.662 605.052
380.338 336.534
1874.327 2161.633
587.046 366.908
76.15 76.223
148.422 133.259
427.047 399.119
12736.086 4664.379
3165.471 4047.741
1941.362 2354.862
340.547 1269.548
3535.334 4603.171
824.683 527.873
122.461 108.23
812.244 756.506
4370.537 1399.345
43.739 32.927
1093.773 953.171
7110.777 4898.542
314.663 555.898
584.185 579.615
690.595 328.112
153.933 116.374
567.835 437.193
403.557 866.044
343.147 227.228
818.553 530.943
312.368 685.408
14.688 144.727
124.429 107.56
3356.24 4374.913
849.668 410.876
582.464 364.441
7139.665 4895.468
3147.688 3040.412
183.916 95.798
2582.211 1243.981
7183.215 3970.692
585.693 364.611
1428.401 855.71
1061.601 875.739
6973.753 5332.561
121.459 108.998
3637.858 3373.229
227.431 246.954
2111.1 820.197
155.187 133.414
709.249 350.864
288.682 194.837
2579.104 3513.627
188.594 146.56
583.091 368.969
1942.444 596.134
199.978 1277.41
2274.713 3279.887
802.259 489.546
197.053 329.075
1099.053 2378.148
2098.489 3313.522
2041.58 917.188
1216.09 1330.458
296.641 204.29
75.098 111.283
233.44 169.524
296.168 196.414
584.777 365.85
820.489 218.702
340.14 225.969
320.793 473.899
494.011 419.775
2375.454 1856.711
2219.844 3326.391
335.603 480.975
3274.81 532.757
149.03 133.449
120.761 106.188
1534.58 886.472
292.555 207.525
3442.391 1982.654
1860.224 585.178
1156.193 790.263
474.946 431.03
2333.158 1353.533
302.563 161.534
228.699 199.171
2398.895 2318.895
365.179 76.55
1014.62 1982.791
615.839 582.758
125.006 111.802
7128.53 4906.649
4078.562 736.851
291.69 166.616
2432.847 3527.749
352.825 509.331
207.768 169.994
28.124 15.506
629.519 289.405
3130.022 3028.795
2851.187 1623.14
306.823 362.833
110.075 204.742
229.149 116.09
1131.055 633.03
951.189 554.388
291.798 166.115
2965.992 1275.667
332.368 390.305
2459.927 1240.744
604.91 387.711
76.856 114.448
1262.211 1943.349
5149.249 2838.285
583.622 365.938
147.403 243.103
1037.869 255.261
446.25 304.747
584.365 366.348
7012.438 4698.187
748.059 436.662
2772 3538.311
702.338 428.765
654.832 666.614
351.162 295.866
627.179 1262.662
1214.335 1333.815
957.933 2118.47
522.645 1488.786
2303.392 3192.505
994.972 791.053
4104.153 2143.514
106.494 60.856
902.987 1504.554
1254.288 1083.628
153.553 234.013
1853.28 778.268
1113.966 607.503
51.392 59.639
82.311 46.334
1826.807 924.663
2933.457 751.989
1873.691 2876.892
854.647 1630.177
530.393 787.228
1464.218 2649.831
97.873 198.247
350.646 211.489
339.436 229.604
122.831 109.307
3257.171 3210.422
2648.012 3730.598
307.056 210.293
504.095 361.778
426.564 398.859
190.14 230.152
1034.083 552.647
139.72 227.436
984.843 541.745
50.182 291.581
8120.929 4303.065
1035.769 2059.875
8228.287 5376.683
306.445 363.297
255.852 334.758
3233.342 2382.758
224.11 105.361
98.346 78.775
2066.139 1453.118
1856.9 586.022
12852.031 4827.3
145.385 214.55
76.375 41.97
596.348 356.873
7090.622 3881.415
291.109 959.38
656.651 1269.366
12844.627 4710.259
2246.306 3107.206
2037.454 1471.728
2796.945 2517.382
408.789 606.24
2686.116 1949.931
46.525 40.122
149.288 155.387
1062.059 2010.055
556.201 730.748
2516.368 1287.597
494.504 211.84
122.922 109.09
2312.953 3644.654
2148.059 1496.998
102.719 121.399
129.982 143.488
704.216 428.316
955.918 84.215
802.343 658.616
368.219 1590.894
103.85 129.846
181.663 118.262
585.481 363.265
417.716 175.409
257.449 762.485
914.659 2088.287
1001.243 948.875
309.923 152.781
12901.682 4718.219
122.459 108.469
2552.679 3267.93
98.3 103.13
953.289 522.983
349.336 137.734
251.968 79.842
124.254 109.922
2546.631 2575.381
1869.817 4123.323
2106.27 2758.727
601.216 333.041
1948.011 2975.062
831.973 554.944
1098.824 955.828
373.689 237.217
152.717 136.823
163.683 122.792
29.098 47.231
263.136 415.419
156.217 133.598
153.448 133.76
161.475 79.612
965.419 438.312
913.11 762.097
351.598 425.081
34.177 78.484
191.039 229.207
119.892 127.546
1850.745 392.949
4898.642 2656.281
307.08 363.252
1121.048 1757.757
790.006 574.568
382.289 53.22
325.622 217.814
347.432 2194.309
1025.916 1098.918
800.851 1952.075
614.138 445.625
842.137 980.621
3380.948 3388.401
2617.598 1635.445
154.305 133.849
345.179 140.583
3757.508 2975.108
222.437 394.107
686.772 388.293
562.047 1154.82
217.456 279.581
1830.295 3217.248
1148.126 784.938
1887.275 3053.178
1903.218 1431.844
356.765 229.891
121.496 107.012
480.474 889.699
100.569 104.73
4334.794 1372.35
6859.584 4582.892
1262.104 2025.55
2849.842 2504.816
1767.072 2892.006
274.446 107.819
1063.619 879.906
308.703 363.223
2806.125 2392.238
305.122 210.726
639.428 492.227
978.293 216.532
498.55 2101.424
2405.335 3682.535
578.737 367.856
308.902 362.899
592.877 1229.987
381.723 204.283
631.56 283.763
118.788 139.444
3580.4 2404.258
1832.33 798.605
554.47 710.177
109.366 107.324
68.158 54.262
300.495 138
2714.447 3097.917
3008.596 951.209
159.797 273.587
20.044 36.822
256.556 885.802
1526.287 3419.212
419.299 176.231
728.838 419.324
17.609 54.154
1144.587 767.987
1394.913 1006.649
525.187 1476.949
510.938 206.166
306.664 211.996
2260.287 894.467
451.762 1606.851
1119.539 936.377
1140.305 742.458
1775.918 2952.068
2037.189 1490.52
584.136 366.371
460.824 338.804
304.993 297.686
112.781 137.652
513.61 2015.935
149.572 133.867
2639.798 2403.664
1961.527 1448.538
990.001 534.907
121.691 110.221
367.306 496.775
15.086 15.818
95.897 77.152
120.369 106.75
122.053 108.051
1250.64 1054.12
2742.829 3330.024
100.54 193.99
204.548 1717.265
328.586 60.961
236.929 119.666
90.617 63.211
9302.384 3997.2
149.811 104.785
854.028 1993.463
53.403 47.499
588.382 369.784
1317.763 838.407
1226.907 1064.738
90.575 90.88
1690.734 910.822
84.169 50.759
121.86 106.196
121.064 108.835
1330.872 851.284
364.815 940.36
757.677 462.128
343.035 60.206
865.653 685.052
1775.785 996.95
286.107 256.366
151.124 269.43
2771.345 2899.477
955.141 774.374
206.098 165.651
151.234 82.142
73.63 87.161
519.184 711.57
510.737 603.775
51.491 37.885
483.794 1818.35
202.381 123.273
1602.664 1802.326
75.114 139.661
71.494 41.96
148.136 132.364
576.929 4423.241
586.369 341.189
2237.106 3581.124
203.597 334.909
794.525 1416.389
1700.116 1024.199
371.504 1563.605
6962.323 3834.198
1214.207 1038.471
748.391 477.756
253.84 81.203
1829.16 2633.715
2652.495 3918.636
149.227 137.25
132 66.089
50.42 172.734
378.037 142.536
2664.867 1480.693
419.667 177.624
1187.386 1022.674
47.564 38.895
346.891 185.899
363.289 1859.811
1803.302 1608.383
831.383 533.434
2942.516 755.101
2253.773 3789.177
121.809 108.411
242.589 857.373
156.341 114.539
83.699 49.04
46.787 37.788
2695.989 3158.461
16.852 15.119
306.397 211.967
104.084 148.939
152.739 134.55
357.662 154.132
325.601 439.39
162.248 112.497
677.236 244.55
96.255 73.338
705.222 563.764
2503.171 3590.783
440.561 995.102
298.412 1293.377
171.642 58.542
917.485 455.643
4327.359 1375.28
3391.728 2026.151
201.351 225.506
120.506 106.84
2674.263 3541.76
406.145 299.581
1214.064 1328.702
485.505 4347.096
479.45 236.419
139.303 129.864
220.686 104.458
284.174 694.741
797.394 1536.252
1976.229 3017.96
142.09 125.031
163.975 236.969
61.306 78.976
177.707 158.371
2982.155 3670.298
149.097 137.474
1777.478 3815.003
122.452 108.772
2240.135 3637.989
200.707 170.406
122.256 107.394
742.13 343.773
1193.536 613.107
355.707 563.001
337.288 103.073
195.08 111.598
267.095 198.21
2788.605 3285.769
178.205 41.57
178.926 308.281
439.196 704.367
113.559 73.996
205.411 156.303
100.677 254.076
189.749 229.093
992.419 582.86
123.227 108.506
130.031 110.224
40.539 34.782
19.321 19.166
1218.874 1328.175
1026.792 2081.963
1814.354 3686.387
583.745 364.692
172.658 78.033
1066.103 930.993
188.465 205.765
277.187 99.962
329.331 259.39
600.46 988.491
96.459 293.456
116.969 102.2
149.67 93.4
1643.542 4028.405
336.926 210.564
1556.685 2588.039
120.111 105.924
151.388 135.873
3162.525 1017.008
1370.954 735.572
1060.972 830.858
238.689 175.664
1011.509 587.069
199.817 93.121
304.976 211.638
2078.691 3089.832
3395.758 97.532
332.44 1403.3
3676.022 893.068
2791.07 4183.798
86.746 94.281
1974.629 1248.246
724.33 443.326
1040.842 547.092
123.417 129.83
1147.627 832.446
985.959 536.275
308.941 209.445
688.798 1332.414
388.795 218.808
1112.901 837.425
107.829 428.118
367.364 124.674
66.867 43.803
4802.633 2723.617
333.595 149.831
582.68 371.322
483.788 751.628
348.142 236.931
13.996 19.018
375.312 183.484
2784.016 3877.445
443.544 401.044
67.87 51.365
104.413 201.854
587.84 367.449
608.286 353.218
10.902 29.252
950.079 630.868
150.637 137.235
4530.212 2133.433
589.543 366.326
226.378 170.594
345.867 467.83
71.619 121.073
961.822 439.529
3643.287 2784.409
412.834 470.329
1051.686 869.666
562.041 677.539
558.987 1484.957
17.99 21.894
820.38 1283.03
23.936 22.75
372.426 1564.831
652.328 601.49
486.802 712.861
977.834 534.911
1470.694 871.093
353.41 3381.904
338.987 229.514
1056.5 903.901
22.262 26.505
19.819 31.883
881.252 314.248
106.557 104.851
1951.194 1462.527
705.595 337.737
430.177 656.915
141.149 89.06
71.242 53.765
958.216 637.354
95.956 77.338
199.934 230.262
613.603 600.757
272.123 3735.529
381.866 166.016
290.949 166.166
153.97 136.806
153.879 133.244
4462.181 3780.611
66.774 79.026
1465.412 3181.717
3038.91 922.365
169.413 173.681
6903.5 3797.2
42.475 38.035
583.548 490.179
643.547 705.103
1798.547 3808.107
270.863 157.723
71.787 170.835
917.04 758.488
1683.986 4088.275
1949.65 600.033
1196.78 754.731
1636.531 1458.714
123.337 109.301
1857.799 584.982
2616.688 1793.576
307.028 359.511
4399.976 1278.162
242.353 3986.049
1142.932 2206.562
17.917 30.876
375.419 182.736
1721.102 617.56
18.787 27.074
1053.076 740.837
583.286 364.244
1942.587 2991.457
312.093 210.399
3180.31 4621.302
123.712 107.395
190.018 296.897
159.786 89.275
1137.095 943.693
83.162 101.099
660.68 263.551
585.111 366.927
504.566 303.231
16160.77 5219.481
583.912 366.451
1337.692 1626.175
808.101 903.345
638.929 548.547
58.235 96.08
1959.965 1648.876
233.337 353.725
1166.533 1015.249
125.397 108.344
774.139 629.601
292.54 167.347
44.166 130.602
889.768 807.428
159.819 143.398
2132.741 2774.559
348.61 175.843
77.381 225.953
705.414 429.082
21.244 23.295
148.992 168.303
1696.394 2561.627
583.382 366.25
121.547 107.614
512.271 739.19
61.9 79.611
88.622 89.317
46.514 66.786
432.881 742.556
1167.509 2252.833
4585.003 1409.98
741.56 658.988
799.839 1715.061
1871.412 1599.738
4392.689 1183.185
149.034 97.81
759.523 770.207
122.705 109.557
648.999 1038.054
1104.112 792.752
4329.586 1144.13
111.4 315.437
782.914 1554.189
1083.196 933.401
590.719 347.194
2571.713 3713.285
109.142 106.69
67.078 779.244
842.587 1979.833
166.099 105.022
280.866 169.127
2469.82 1671.413
1299.66 926.744
1106.837 372.641
335.356 324.965
98.87 97.036
123.497 108.201
154.468 133.18
509.412 1987.622
172.823 96.48
72.684 42.17
72.822 171.741
198.788 307.027
1379.415 845.597
66.257 163.127
255.444 271.695
141.547 157.373
4289.354 1354.638
4215.865 2435.168
125.125 109.031
2462.951 3315.2
744.017 817.448
25.417 45.313
17.304 55.184
91.233 79.22
432.131 401.347
2202.723 3055.462
12572.173 4677.784
3497.755 1988.9
45.521 37.821
1238.779 910.42
163.234 404.399
122.483 106.957
515.807 601.278
137.491 736.499
146.816 102.441
351.95 236.116
2171.795 3086.136
329.34 365.303
170.893 897.606
299.049 377.79
1394.958 3097.364
586.091 362.357
288.295 438.01
456.761 538.105
121.314 109.823
273.84 158.942
1126.396 1387.207
2619.895 3291.616
34.106 29.869
451.355 1744.44
151.66 302.39
154.792 133.141
306.131 358.921
856.882 550.425
770.314 647.581
992.683 288.826
2739.318 1205.771
3102.58 3011.012
1991.348 598.734
31.381 69.836
2573.538 1917.074
236.821 115.708
77.539 111.646
3418.91 1895.745
671.338 246.856
1797.623 1226.263
1728.38 2771.281
342.82 228.751
494.006 215.097
121.444 107.891
1007.139 911.688
164.375 163.817
367.281 147.166
799.636 1539.626
48.812 108.154
254.106 561.847
585.004 365.825
1171.413 85.997
15.132 16.533
842.114 546.458
582.953 362.412
6948.86 4666.429
1943.405 595.931
98.62 148.712
165.284 305.256
582.177 366.758
5024.511 345.286
47.335 33.652
307.722 363.612
3125.394 3660.605
587.304 364.772
379.078 313.366
224.122 177.68
52.932 43.534
2820.368 1236.147
22.279 92.119
3873.375 2214.967
173.893 106.561
3157.888 1367.904
584.221 368.765
711.964 435.709
150.692 134.048
260.732 501.053
6834.03 3765.49
499.841 2056.165
455.075 2241.122
155.597 234.45
120.396 95.226
1131.7 2140.258
1039.486 742.571
414.895 354.056
308.918 266.538
630.625 86.775
12703.651 4586.518
153.731 132.927
489.711 1736.959
645.012 210.207
149.566 132.529
318.17 2608.105
167.324 148.515
822.273 336.769
1499.753 1160.154
286.49 742.065
2314.508 3371.133
30.062 34.475
54.17 45.05
17.589 53.691
3646.022 3716.925
208.869 313.523
1203.833 689.594
142.943 130.942
64.227 234.652
122.903 108.688
510.224 601.022
702.966 428.343
290.458 146.879
307.337 210.268
2782.084 4093.848
141.022 123.105
146.447 188.734
112.963 59.188
1253.182 1943.427
119.971 109.196
85.546 204.895
331.257 222.735
3577.894 2514.18
17.225 23.206
411.494 354.328
2531.866 1304.367
343.178 229.572
702.925 429.674
38.103 70.552
1251.312 2667.126
115.184 239.909
1892.606 618.319
302.605 137.069
160.338 90.1
2874.673 3339.467
760.036 770.484
355.977 155.594
1055.968 2057.084
524.978 1475.426
242.468 1026.488
182.535 568.297
304.705 212.179
582.937 368.228
52.403 39.237
593.624 356.782
685.519 423.165
249.212 1099.46
52.27 46.203
1841.013 1539.189
340.099 151.975
123.061 109.084
271.141 98.701
4859.364 1442.498
298.591 755.594
431.504 399.74
1093.574 785.813
434.083 401.246
125.525 110.44
123.707 110.955
255.294 133.654
2669.132 3850.732
131.829 142.153
1804.332 693.23
710.645 436.792
346.156 234.609
429.847 326.465
121.751 108.31
2452.95 3469.43
173.938 95.916
438.32 313.39
87.402 63.125
309.986 365.048
392.294 166.555
121.067 108.861
120.68 108.318
1137.837 770.342
151.53 138.432
412.349 178.283
422.393 340.302
234.546 185.246
2909.501 2636.703
209.857 181.625
44.377 57.792
347.071 187.391
12813.695 4666.275
2955.939 1269.534
6878.781 3790.684
287.681 857.511
216.326 192.021
1781.358 1914.304
378.516 163.166
239.493 177.327
48.826 107.865
150.972 136.908
806.293 411.031
2508.305 2987.764
242.064 182.628
396.507 365.958
1824.809 2890.819
223.714 118.502
27.279 27.155
84.169 49.363
109.887 130.862
292.133 204.762
1233.832 1064.133
454.816 344.766
92.291 71.67
31.389 26.809
385.375 204.868
143.143 131.67
96.921 77.323
1561.031 1407.13
2757.654 2645.672
2791.001 3451.009
3098.407 989.08
169.355 126.018
292.693 166.281
16120.459 5208.028
1168.658 2380.058
581.837 367.971
3432.585 3913.617
223.413 4850.827
151.083 137.299
2601.467 1187.718
90.253 3768.586
484.615 217.75
121.989 108.269
1866.642 1066.281
585.089 364.1
209.359 38.94
182.718 135.811
98.114 54.122
794.226 406.813
37.252 28.708
493.516 420.946
1938.22 4018.851
1646.099 948.306
3553.257 994.351
24.492 31.932
3894.425 4285.924
28.866 25.7
237.328 119.089
2830.206 1260.632
674.725 692.061
86.983 43.918
1219.584 1341.273
74.065 59.718
912.535 2080.176
371.437 385.81
135.801 427.183
161.1 237.518
515.107 430.091
1173.008 4718.137
2594.808 932.799
67.325 53.015
76.68 252.328
1040.404 569.911
55.063 90.44
22.293 27.374
2658.168 953.161
259.462 130.347
61.723 79.427
2933.089 750.151
3830.755 2404.561
324.941 60.089
1264.465 872.916
886.116 386.802
1095.335 3372.872
730.359 721.441
634.508 1806.799
807.436 755.926
1129.41 872.4
2329.195 3190.261
140.551 371.691
2482.232 1269.361
275.853 219.199
811.42 489.702
15.242 23.085
885.655 811.004
183.898 136.262
589.164 1563.212
85.813 72.787
1863.02 1275.054
3231.586 532.335
188.755 172.393
1141.441 626.694
239.412 183.117
580.57 363.784
1343.016 816.077
182.28 147.867
535.251 355.181
189.219 4544.63
86.263 133.152
120.312 107.913
4396.648 1135.382
306.462 211.193
3359.436 3165.879
405.674 289.211
103.056 104.117
3644.942 2354.257
225.799 375.755
603.205 1191.394
2291.945 1492.852
759.603 3300.294
585.761 1012.824
583.878 370.37
480.149 218.392
747.994 1487.887
244.579 766.987
1079.494 636.819
399.173 1328.552
4302.828 2419.469
2685.624 3555.619
6713.037 2941.155
151.324 75.032
6868.941 3820.119
3772.189 2470.665
3136.577 4352.681
1740.036 1237.031
489.264 403.991
62.495 81.792
1210.198 797.829
367.121 156.435
796.04 2429.573
2306.037 3380.611
203.782 130.714
2765.324 3160.685
2503.054 3650.196
2719.722 3524.531
2522.735 2189.319
595.671 356.682
306.984 212.896
153.752 134.398
89.119 132.869
179.248 266.945
146.697 152.53
77.895 111.935
1831.573 565.937
250.383 231.012
17.047 53.707
613.896 519.234
251.4 497.104
92.062 72.38
148.13 130.6
32.69 97.854
148.723 133.04
61.141 79.239
1946.568 2057.937
1090.616 1988.873
149.055 139.845
291.557 168.44
2679.267 4005.633
1424.561 1705.321
104.389 108.623
4175.016 2078.054
2091.02 1097.004
376.511 535.405
905.717 769.006
1967.86 2282.73
364.434 632.332
342.824 152.198
978.033 502.477
1694.81 1458.453
870.812 844.536
197.817 327.589
139.528 175.304
93.502 44.088
700.996 429.178
195.079 319.989
2379.951 1525.835
576.251 845.513
1308.14 932.49
149.095 139.585
2860.619 3350.094
584.457 363.084
123.169 108.949
291.869 167.73
1902.742 598.027
1097.708 2467.539
529.318 451.753
11.699 15.949
298.554 602.46
2783.719 3148.269
143.32 133.776
1588.841 964.504
957.382 645.949
679.269 406.63
325.833 217.192
100.719 67.875
1882.632 4121.589
94.121 54.796
119.639 109.314
108.507 112.437
204.122 166.202
268.898 355.692
19.508 13.73
21.77 55.149
181.804 141.804
67.442 31.721
325.984 526.607
648.33 311.989
150.931 74.733
2640.741 3974.139
980.495 507.458
4989.78 1480.612
1081.808 341.554
236.2 187.782
175.589 150.572
6982.1 3856.368
535.202 404.996
884.362 814.168
1927.035 1528.539
357.736 220.166
512.847 603.316
1050.202 867.286
585.457 370.341
467.186 667.621
30.193 90.68
499.737 295.25
487.562 209.586
337.481 770.21
1717.56 2761.186
1953.389 598.506
121.091 107.205
194.326 107.296
1567.909 1258.475
631.76 305.415
1116.458 929.393
645.365 416.484
1025.545 972.784
1221.634 1335.739
337.276 362.538
960.999 2121.529
330.718 136.188
213.159 158.828
584.98 363.579
704.342 429.386
260.043 188.13
986.147 578.102
121.706 106.888
684.366 353.626
44.36 51.418
313.106 154.867
220.5 168.862
99.821 201.969
17.914 38.138
20.241 19.484
218.527 111.041
104.023 81.532
1560.371 1388.733
1918.279 756.896
1351.86 952.146
1792.609 1685.136
311.015 152.654
1167.791 679.516
1856.768 779.093
2301.021 1505.277
64.922 52.975
215.965 379.877
33.841 33.454
54.768 156.595
16.548 36.787
584.053 367.078
887.327 476.43
770.104 268.862
120.831 107.723
379.445 462.56
194.339 321.142
2711.597 1883.503
154.195 85.387
615.911 1574.929
401.983 288.697
62.634 180.484
787.584 1309.665
126.993 83.377
327.235 221.165
124.425 108.814
23.264 27.484
2021.93 2985.478
3040.455 1724.441
1861.763 3996.205
48.126 40.295
1183.352 2404.157
3405.239 1621.371
50.07 42.934
150.626 137.473
42.966 34.792
1818.569 721.109
749.246 657.149
266.463 427.697
153.942 133.433
584.257 367.299
727.242 281.97
125.495 110.218
49.099 34.764
644.52 416.039
124.716 109.443
3703.47 2833.656
1250.843 1929.176
2752.005 4028.582
585.208 365.735
603.347 1197.075
1260.388 1935.227
120.876 110.564
121.728 109.481
343.261 228.734
325.249 628.246
42.468 55.364
354.502 268.812
76.923 224.666
1234.463 1066.715
7077.467 3803.107
1161.639 645.096
18.151 53.29
231.326 268.602
261.124 1404.665
504.584 646.858
313.003 185.249
292.551 167.993
2616.783 3804.063
583.95 364.507
178.019 141.964
366.243 368.471
123.538 107.573
2769.815 5088.135
26.879 29.446
19.087 21.854
38.616 34.847
4965.111 195.881
789.623 1286.595
3246.128 3251.127
2514.899 3378.144
21.01 37.696
2007.24 2995.369
3722.451 2521.749
1224.74 2498.601
2316.403 791.762
99.614 220.438
182.006 1106.848
844.841 1463.429
133.911 86.291
3221.425 3061.041
1551.254 2558.589
306.913 211.371
418.134 2514.63
533.55 1397.795
68.456 96.643
178.238 79.533
92.385 93.307
32.78 37.557
341.671 312.047
303.155 146.235
320.418 378.37
1097.687 943.741
340.529 227.504
3023.3 925.238
102.175 53.527
27.91 30.94
208.973 203.925
352.364 493.5
658.854 669.013
2017.296 3349.017
335.102 149.145
283.879 1847.432
96.695 967.645
3187.369 4181.844
1210.137 1008.063
81.982 55.406
7227.503 3910.666
264.896 173.472
378.767 196.431
157.836 138.358
148.113 192.883
422.269 398.203
948.851 2115.701
198.092 92.022
1269.504 1825.351
3538.682 2319.154
423.87 411.041
380.497 203.686
2782.804 3449.884
294.938 168.237
3131.019 3800.844
331.063 62.19
1766.36 2981.021
309.631 210.706
220.574 3765.282
3932.818 4345.005
6961.819 3784.366
995.041 864.755
774.436 678.716
2806.902 3508.607
1231.389 2497.699
146.806 133.207
1079.383 245.061
20.014 23.296
122.249 109.459
152.158 136.331
1232.068 1036.311
150.934 268.296
1116.885 1310.573
436.419 155.716
151.38 132.742
57.799 98.094
124.827 62.614
2126.422 2767.2
957.262 468.084
252.369 198.833
346.721 561.322
238.452 120.518
149.764 71.509
499.651 1141.137
145.512 131.476
228.261 750.05
782.859 537.618
72.166 62.51
155.592 135.151
181.073 150.703
1942.496 1091.798
1263.369 819.966
701.916 824.267
1133.571 933.434
599.009 1566.993
223.959 276.212
163.268 119.551
489.983 175.439
1963.894 2972.997
1511.174 1346.448
917.174 432.184
1735.311 859.884
49.965 43.327
2147.918 1496.329
1058.692 1925.073
998.584 429.23
513.805 604.142
1030.491 712.038
828.535 491.981
14.843 25.657
747.887 655.388
1282.929 1265.006
46.432 124.711
169.137 890.709
1445.295 1298.075
2847.085 2513.871
2852.447 3976.174
393.232 300.561
153.406 82.803
677.872 402.287
1179.168 2247.14
1993.19 1137.466
53.883 303.229
2787.237 1224.008
859.151 456.977
358.791 218.677
1036.602 2219.61
42.281 131.285
40.487 37.336
150.252 110.104
114.825 436.277
122.208 108.676
516.601 600.526
1143.204 1094.899
657.221 394.443
544.675 781.003
733.741 741.927
1218.384 1039.779
60.158 156.824
651.614 386.557
6928.842 3812.149
122.428 110.183
54.998 157.188
452.738 342.846
2559.118 1865.276
6939.506 3846.528
456.088 344.781
120.548 106.895
172.337 106.712
585.303 366.994
1223.993 1035.289
658.619 669.913
120.395 110.977
149.836 263.84
55.466 157.769
472.57 205.39
341.512 293.007
409.945 647.103
827.465 633.476
2113.747 486.386
124.585 108.802
227.554 168.735
605.799 594.326
1126.231 866.38
317.96 145.207
2855.271 1259.834
989.258 531.32
128.166 116.028
122.264 109.563
139.693 110.545
122.212 76.9
148.419 133.531
120.492 313.265
1261.07 816.809
308.765 361.73
6970.827 3891.743
434.874 695.422
1940.256 597.762
1216.593 1339.62
122.316 109.749
31.273 27.657
438.906 2075.77
292.502 167.149
1129.664 842.61
585.075 365.25
1216.741 1322.239
83.404 49.167
189.407 226.888
31.261 34.334
2179.143 2747.241
689.199 266.208
300.985 205.703
100.475 112.272
1608.324 1493.527
315.31 393.386
3561.226 2394.914
3562.62 559.325
1242.354 972.237
306.648 359.158
2376.851 1854.525
493.24 558.254
114.188 138.687
123.561 108.712
1563.859 1513.11
310.599 152.721
7260.712 5071.406
1112.794 2343.377
407.321 412.229
741.956 443.404
2243.147 3660.218
1981.833 871.711
2689.522 3211.055
107.739 59.371
67.845 53.576
57.707 89.576
2031.596 2222.189
352.433 136.238
842.881 528.812
705.569 428.733
775.371 682.376
7245.43 3979.755
775.867 277.485
306.026 210.521
156.004 213.366
3270.737 2117.584
49.285 42.111
478.709 233.823
129.282 67.505
631.517 283.334
923.378 510.448
127.152 107.922
375.27 619.674
155.302 108.745
884.108 588.704
6880.721 3776.889
889.687 433.851
4232.468 765.262
848.957 2043.999
259.965 171.556
838.579 1485.178
3405.5 3957.188
217.952 178.452
1036.207 607.043
407.373 699.404
584.358 368.06
91.313 70.308
324.125 322.03
164.64 613.372
582.634 365.018
978.179 217.73
429.922 401.443
19.71 36.965
1171.814 2221.896
129.032 109.282
3016.517 1325.95
6872.842 4623.95
188.929 123.603
212.051 107.842
2654.208 4263.411
152.827 148.552
67 112.442
588.542 366.349
306.829 364.546
124.04 109.161
44.446 84.538
141.102 191.305
92.661 148.326
308.14 212.657
598.375 2675.405
3428.001 3177.88
173.553 88.828
49.159 82.837
83.502 49.394
149.561 146.151
1878.5 2976.23
1844.596 1632.844
268.08 692.664
38.363 36.085
633.242 562.437
139.494 330.674
787.612 925.514
40.173 148.894
409.096 1675.521
2745.361 1227.501
228.597 113.512
1258.88 659.435
367.305 401.069
1877.853 1766.835
501.413 891.219
227.855 337.895
115.37 213.488
81 115.315
507.373 227.877
1905.413 1103.812
1898.818 618.578
233.817 153.855
587.886 287.997
416.027 838.039
69.745 34.283
4654.409 2159.525
35.85 34.228
1830.963 1631.338
1078.589 911.417
331.424 723.417
121.302 110.626
480.426 207.075
421.329 364.707
148.935 94.393
262.412 243.757
3423.983 2538.915
1836.893 1638.941
123.248 109.988
6590.829 3945.863
512.372 598.698
1320.047 936.036
68.165 52.874
39.48 150.735
155.06 133.712
149.892 138.151
907.093 764.395
51.387 1142.706
272.512 531.734
201.252 63.585
2641.43 3151.037
2793.973 3449.901
149.869 93.768
2783.001 3339.509
994.454 536.716
250.814 183.803
342.675 858.671
113.079 366.693
3642.723 2393.352
674.181 1775.656
34.643 56.112
1271.081 1041.919
474.968 198.352
122.664 108.489
32.654 31.575
34.444 63.66
452.751 362.86
2297.942 3179.565
213.591 264.284
86.061 40.751
810.21 369.1
1302.122 1989.898
365.417 168.015
198.515 508.798
129.094 116.036
516.593 523.984
126.954 189.085
7126.713 4890.348
252.234 321.337
157.536 140.266
7556.01 5090.338
134.395 141.132
438.613 2039.481
85.656 47.868
748.383 1509.653
461.646 210.931
65.17 70.052
547.761 454.541
1040.714 613.152
643.619 489.153
121.73 108.269
235.943 230.118
220.009 174.845
1832.498 3044.942
108.48 109.091
7788.677 4204.575
3655.005 2189.462
2560.948 1290.407
127.616 99.096
274.707 164.018
121.387 93.393
195.265 172.548
375.565 4392.557
4878.556 2727.23
306.143 209.919
21.906 23.618
229.288 168.991
158.914 88.628
294.924 345.666
720.258 1215.311
120.529 106.963
2711.381 3778.294
151.397 137.049
357.994 399.465
291.961 168.012
34.762 32.739
132.479 115.531
420.393 177.887
2036.771 1471.357
1928.88 3988.229
755.312 1159.587
707.565 429.83
809.13 754.526
3731.145 3286.412
749.635 1455.003
248.159 1103.633
538.445 322.244
95.576 124.335
123.445 107.811
30.242 33.393
690.832 807.465
847.893 943.965
1083.034 641.482
105.241 192.64
51.194 63.182
1967.295 1120.363
318.177 120.923
11913.513 4663.326
154.867 132.609
657.23 669.261
15.307 23.066
709.125 597.84
164.439 90.68
1176.809 2311.474
273.104 98.845
1881.189 1085.767
109.551 72.274
1855.497 587.026
96.472 50.971
1145.155 771.391
2603.029 2286.64
410.235 410.801
587.211 365.973
201.967 63.789
289.908 166
1222.633 1340.694
284.453 82.86
854.758 716.155
4951.106 1489.285
1127.884 923.312
64.585 53.739
51.455 61.115
3529.934 1461.373
3116.365 3754.505
587.256 367.43
536.39 1427.802
957.322 2108.542
251.263 394.846
51.043 37.744
783.872 432.921
612.807 522.192
23.419 22.148
121.401 108.607
71.055 151.027
333.565 108.557
2032.29 1344.475
1129.751 769.404
123.216 107.815
234.36 291.057
1994.598 3047.012
99.038 356.765
3089.771 1317.565
122.828 111.015
628.813 560.988
1149.955 1107.543
121.602 108.104
203.91 166.562
69.686 47.045
6784.696 3796.64
717.896 1109.601
1314.75 128.428
3584.325 2712.568
21.025 23.194
113.795 93.844
219.749 177.241
239.633 282.664
209.273 157.458
1081.842 780.54
3226.09 926.556
297.23 282.744
4040.161 3218.293
498.906 364.567
249.275 446.51
490.859 1515.414
218.705 110.809
204.961 156.152
171.894 97.276
512.523 77.349
1881.7 3722.489
213.693 287.494
20.763 22.706
172.701 96.23
1749.648 1053.817
2114.428 1387.383
305.417 210.997
704.478 428.011
26.355 28.182
340.572 438.745
1232.866 2485.093
903.778 767.879
1229.156 2553.59
149.715 222.08
1915.109 1449.534
119.515 106.173
197.638 157.857
401.316 445.414
2915.461 767.264
1007.426 587.946
106.907 204.731
46.887 37.426
581.93 363.25
2474.886 3227.209
1353.871 2652.137
1421.509 1263.75
972.332 633.043
812.399 485.686
305.446 211.264
2783.901 3790.213
797.082 1540.623
490.748 419.56
143.489 131.6
11.593 28.449
121.532 108.85
1382.136 927.683
121.941 106.236
460.515 954.742
123.797 109.378
392.231 212.981
430.36 400.525
2686.362 3276.417
119.189 107.106
119.805 106.981
298.455 169.486
156.01 89.463
95.957 195.165
149.286 81.424
132.559 103.194
990.795 583.992
53.782 70.484
669.824 1748.12
148.734 133.611
20.215 24.099
107.887 124.86
1867.345 779.004
17.388 30.013
121.848 106.515
2951.451 1304.254
169.811 894.796
1171.643 2199.468
649.405 666.158
4330.264 1370.4
2623.233 3444.944
142.85 87.746
331.112 62.033
46.35 38.156
320.578 255.213
364.435 488.519
2666.281 292.14
95.686 125.478
395.593 614.012
912.178 88.152
1098.2 833.602
3529.539 2037.324
990.113 543.813
1178.893 2227.338
19.815 17.153
120.625 110.34
120.85 107.46
436.452 402.178
630.94 290.328
120.955 109.319
820.453 351.112
518.194 529.27
207.377 347.365
145.37 71.591
36.861 23.715
19.307 22.667
50.182 41.54
806.634 1286.539
1709.288 2874.489
1137.382 774.291
196.083 323.619
495.72 174.173
2702.196 3793.82
1295.897 1335.337
581.515 366.618
3397.791 3406.877
868.367 458.027
149.96 136.79
4360.93 3507.661
6548.707 3650.851
821.248 364.224
153.549 270.318
204.781 330.612
2678.1 3315.122
205.929 166.598
308.197 362.467
260.303 133.485
966.136 778.758
48.772 82.402
2797.724 3394.223
219.133 127.357
1554.174 2628.589
122.477 107.836
1236.291 490.574
373.305 418.541
162.427 514.373
2752.063 2686.42
91.595 73.035
3166.13 3038.529
221.666 177.226
133.27 114.706
309.274 488.194
8199.693 5377.666
6952.473 4661.871
91.089 4387.781
700.946 921.999
153.553 271.369
746.389 667.003
805.819 850.466
815.468 584.484
158.496 450.04
663.655 416.728
2568.221 3168.686
224.128 250.783
120.358 107.875
602.412 510.478
1143.765 949.006
115.905 91.578
83.651 54.151
130.458 131.59
1373.515 843.093
4044.579 3207.848
856.771 2725.451
237.842 133.792
212.441 288.036
3544.855 2017.709
41.996 115.799
155.585 132.78
121.593 109.462
510.332 705.402
11.13 28.591
1968.674 2950.249
1103.684 793.44
492.75 423.673
1594.58 378.175
2392.465 1845
189.145 580.625
111.342 60.25
4645.587 1364.874
445.771 927.235
194.839 218.89
1180.82 833.469
1424.336 1064.213
354.418 573.773
125.808 95.43
16.779 19.68
495.801 1537.329
1131.571 731.464
3610.369 3785.196
1102.001 970.044
1032.878 2055.812
1033.549 556.177
212.404 279.503
1123.768 640.045
292.893 401.338
3239.87 4185.294
1761.168 2908.727
1857.969 586.447
1321.543 953.702
123.688 109.256
154.29 136.746
1061.843 245.083
2619.123 3605.214
21.288 23.461
91.068 142.787
677.335 1728.747
499.804 206.901
58.915 162.132
1129.376 1157.327
2805.311 3830.433
13.89 23.734
199.918 331.951
378.223 79.221
434.961 342.282
1107.085 824.247
17.229 20.301
3077.826 3294.39
61.591 79.81
52.173 81.598
122.185 107.299
809.305 391.014
232.342 3785.759
2005.981 1466.903
339.437 227.036
1740.125 524.16
4333.671 1374.45
1145.128 787.963
155.79 217.171
706.433 427.769
582.539 364.318
190.046 177.292
3125.952 3713.289
585.483 362.089
586.132 361.95
701.115 819.996
81.024 103.655
3569.514 2409.918
6910.831 4642.474
319.496 150.205
3771.676 4632.63
121.32 108.14
1144.856 770.695
485.635 329.783
190.154 228.679
1825.964 559.753
123.489 109.198
306.604 210.948
218.533 330.128
353.563 194.675
1313.642 764.124
86.06 55.578
661.778 486.45
465.694 572.606
918.635 602.839
150.104 132.801
117.787 204.587
45.637 124.102
21.841 25.181
385.859 436.512
20.21 22.714
585.758 371.683
1143.31 1150.03
861.226 461.695
278.25 233.185
587.737 364.403
123.538 107.315
513.228 603.996
55.155 156.766
2498.182 3185.298
705.927 429.794
709.482 1502.313
1044.904 736.804
348.663 513.371
289.071 154.762
122.35 108.672
572.15 1403.994
6814.798 3771.386
1813.475 569.349
3780.755 2723.208
1189.639 1004.354
107.276 115.761
2689.376 2635.369
580.853 1636.163
131.459 838.164
2830.107 1247.483
308.275 218.052
586.141 365.641
151.481 137.959
278.028 189.049
521.841 208.859
127.071 111.755
2020.455 3005.729
747.309 1350.115
313.348 212.931
585.431 280.213
3661.15 2470.691
1904.034 1444.07
44.17 95.757
780.332 1750.448
291.992 167.698
536.725 355.01
138.252 109.178
122.241 108.051
1877.123 1509.133
406.772 276.371
5159.101 2901.031
1219.584 909.196
89.043 161.189
64.924 79.356
133.025 420.703
1255.333 1937.816
803.158 489.728
560.071 376.419
1866.541 3732.203
88.27 136.516
463.75 703.198
107.167 104.656
2350.511 1561.692
307.593 211.935
2307.655 3222.442
291.422 146.581
54.745 157.592
343.886 395.796
120.324 108.22
15.777 63.683
274.727 1550.295
6594.058 3945.382
69.687 54.045
51.43 41.826
343.986 190.751
949.567 706.213
1000.822 791.918
26.765 25.971
131.361 125.651
2004.867 3024.953
701.422 335.291
1090.573 955.246
1942.362 1454.748
808.878 487.763
77.095 53.19
586.682 362.461
32.78 61.734
1093.883 181.368
276.502 188.417
459.014 656.711
123.057 109.131
59.547 311.365
914.665 394.184
430.452 256.214
173.715 157.588
3076.086 150.452
1939.798 969.208
25.958 25.857
24.336 63.832
105.972 132.414
1757.943 921.041
29.635 33.106
145.821 274.341
201.189 156.211
969.389 441.511
1148.546 774.907
50.229 801.827
224.403 381.403
816.393 1016.863
2869.809 770.332
27.535 24.668
124.975 109.022
459.442 417.496
306.94 365.149
151.928 132.398
185.444 111.696
745.463 473.403
959.129 739.102
2019.416 3937.773
2396.961 3330.623
1046.205 735.122
340.356 229.313
4780.235 1421.632
2653.027 3561.688
3108.227 1354.7
160.641 603.723
3060.946 945.602
148.048 80.447
2399.364 3140.559
512.412 599.708
587.937 1560.11
147.761 132.208
3344.146 2115.836
415.915 354.926
149.247 144.195
836.682 988.258
92.828 44.425
1313.804 938.434
593.482 221.722
301.66 207.538
1171.635 590.334
1090.278 846.597
1221.365 1338.544
16.703 23.03
851.364 820.066
771.823 1557.135
2327.021 1156.65
154.854 114.271
1734.532 3720.531
205.929 297.391
88.833 59.457
3059.561 1333.224
403.975 861.638
642.141 415.41
236.287 273.307
122.943 109.174
1146.462 669.782
114.081 130.446
1249.231 1929.664
3434.175 3613.173
248.737 233.725
2620.996 3961.799
46.913 104.075
424.006 177.035
51.894 86.386
280.954 367.119
325.265 1167.815
1852.168 585.969
97.639 52.749
44.278 78.083
1546.647 2564.481
142.693 211.982
3404.189 941.849
85.764 47.331
2630.797 3772.458
490.061 597.34
1260.6 2031.641
150.895 140.529
63.886 80.913
436.791 657.152
271.423 98.972
2547.186 2244.424
152.547 133.439
3586.126 2392.519
246.056 198.504
1304.752 934.184
2403.357 2908.273
1905.229 2971.757
26.721 115.937
1131.971 84.582
122.86 108.341
153.598 138.403
831.835 987.121
51.312 23.216
318.363 378.076
273.184 98.252
111.093 157.203
1413.517 858.251
573.591 593.262
1176.984 2198.051
98.131 104.418
582.464 380.283
308.748 212.037
895.99 2025.682
1177.615 1003.987
321.649 534.887
18.089 25.682
1263.789 99.223
1083.565 1030.355
485.997 420.661
750.818 662.658
872.61 2316.76
586.321 362.329
915.552 613.081
20.836 38.248
584.951 1235.765
800.132 482.682
909.293 599.183
149.229 141.799
436.099 522.371
22.756 21.78
1503.826 1513.884
291.931 169.01
25.62 28.58
1235.615 1066.488
402.295 1264.648
942.461 3333.492
337.44 539.569
1091.883 635.347
402.927 286.119
491.517 576.807
1772.834 997.857
1111.098 795.03
2307.753 3163.369
154.397 233.363
310.253 211.203
2800.506 3343.601
991.221 527.346
128.744 246.212
110.074 115.385
153.025 134.905
274.697 250.886
1742.818 2667.917
863.637 457.164
2435.662 2674.418
391.776 293.048
28.77 31.542
61.669 80.321
307.242 361.753
707.669 191.513
627.106 1519.085
161.928 165.354
1020.255 590.387
1374.785 840.198
2627.237 1632.594
982.319 572.703
2272.206 1396.081
464.13 342.982
633.623 370.669
84.259 301.046
1943.104 2009.733
1129.194 904.3
419.457 177.802
582.227 368.207
1334.162 822.887
282.729 358.002
206.216 173.021
69.048 53.827
2683.18 3977.689
43.931 131.153
111.876 110.831
306.23 210.172
63.307 94.09
292.809 166.845
123.122 109.129
837.103 917.573
311.996 388.62
1406.336 1229.101
15.101 44.295
55.3 158.186
454.278 2245.819
139.929 547.508
4979.141 2153.908
1296.162 920.006
3888.658 2773.025
635.961 369.504
6887.761 3807.013
2559.855 882.58
1357.023 824.798
2561.285 857.924
756.408 2439.077
697.556 264.773
63.934 260.215
2634.126 3291.056
1030.922 2067.402
63.336 2230.099
1939.239 2893.52
584.049 363.778
3141.605 4200.491
294.365 64.297
62.578 79.319
6948.117 4641.586
1143.631 768.739
146.161 90.824
151.638 274.769
448.197 983.25
2780.121 3445.975
132.842 140.004
585.504 365.535
558.825 363.106
1178.24 2184.932
211.948 2858.297
440.11 402.187
878.051 1422.163
1069.669 829.085
1148.058 860.803
155.672 1653.638
1888.454 1234.018
323.599 1128.934
336.3 203.822
495.228 224.829
57.284 77.491
121.181 108.188
1232.621 2578.785
1012.607 843.892
2626.421 4091.248
155.544 235.579
7000.633 4626.412
141.683 71.966
218.612 110.642
441.265 333.39
2061.296 2714.983
19.113 13.996
317.103 120.079
786.642 107.255
516.534 601.868
97.416 124.697
831.462 795.706
121.789 108.937
1194.174 582.618
1076.072 783.038
291.61 166.97
483.419 406.198
309.573 363.609
3390.789 2537.434
962.637 868.48
1766.225 2948.11
110.947 383.123
2556.167 1341.39
925.055 2102.429
7692.591 4164.732
458.391 436.363
19.857 26.368
153.549 273.158
40.688 99.679
123.35 107.042
443.309 384.9
22.455 41.399
50.498 40.425
7304.045 5213.196
581.5 364.312
297.237 404.008
49.631 294.709
2164.712 1531.868
2632.569 3437.658
121.595 107.21
88.263 223.869
1629.112 1821.078
123.476 109.71
969.912 450.087
376.393 198.791
307.855 366.783
1146.533 663.607
591.234 366.181
1018.742 892.374
237.178 3734.169
959.024 981.239
124.145 113.05
155.997 89.265
1167.974 2216.995
965.221 438.129
2224.907 1860.361
810.123 365.326
238.36 132.122
253.69 776.02
58.684 37.903
286.609 398.347
2612.429 3289.528
2048.299 3116.708
149.106 154.986
829.798 1027.005
2407.781 868.366
3137.814 95.609
35.41 107.951
202.152 171.093
804.084 744.466
907.333 470.457
1832.255 2845.272
2695.476 3955.564
428.366 1406.693
663.372 515.688
334.265 223.949
1048.957 1042.153
3137.941 3912.718
278.632 245.189
138.059 110.384
3046.156 3864.982
221.604 2953.921
393.635 935.569
6016.152 1086.203
2648.66 2576.532
3198.188 4322.719
76.695 53.515
921.407 863.077
1219.063 1335.695
1092.528 954.911
683.463 679.135
964.69 2214.188
1852.095 1721.949
156.36 81.7
61.325 117.306
1210.189 1031.891
115.78 236
415.464 722.719
99.974 144.299
432.508 2538.212
1944.657 594.853
27.717 52.191
12316.4 4565.634
53.892 46.328
480.93 325.579
248.397 287.522
2631.893 1191.675
1233.142 2546.452
2341.647 1019.8
72.975 43.933
2070.994 1058.049
178.17 205.84
1137.852 1638.644
52.427 42.248
805.364 489.726
1038.344 2081.489
1773.427 2941.776
1347.63 963.685
164.821 113.692
160.554 184.393
2642.516 3764.62
383.66 267.899
155.876 116.92
1541.582 876.383
587.753 365.141
1215.168 1336.831
52.12 159.019
2941.483 2582.577
1788.851 2835.178
771.329 374.504
1312.025 942.733
1183.045 2111.145
420.234 177.591
81.277 53.922
803.468 750.186
1085.717 836.135
1898.841 624.661
67.677 53.96
526.665 718.456
271.136 181.99
240.975 3683.349
154.46 133.055
4868.795 1435.507
328.785 126.244
1391.183 974.635
61.609 79.766
517.242 597.629
169.195 895.325
608.721 126.73
188.705 292.999
302.307 208.666
160.581 75.665
1279.601 1006.874
10741.612 4367.547
202.118 63.393
319.432 361.496
2842.851 3420.918
118.529 125.998
1833.916 1632.088
64.456 40.112
68.652 189.19
3269.517 2809.204
586.77 364.921
306.212 210.758
1163.362 646.184
347.567 229.881
919.286 2110.817
83.397 42.72
172.654 95.385
61.181 49.417
158.382 89.616
725.665 866.852
201.928 134.368
425.23 1927.954
944.737 434.651
289.219 155.538
851.081 904.766
505.47 1011.444
226.487 78.955
1642.412 1392.591
143.79 132.755
969.798 944.696
91.072 45.209
657.145 883.162
106.934 95.692
208.679 82.038
117.255 102.549
317.804 1425.666
975.322 868.898
317.304 121.43
218.709 112.746
478.696 330.411
83.17 51.181
307.85 265.756
1655.05 1521.391
76.216 108.283
758.501 772.015
325.708 547.054
278.636 166.975
419.951 376.728
127.053 408.771
307.249 210.439
1180.105 895.749
3460.83 1305.443
32.63 97.441
149.132 216.364
7183.665 3848.199
125.433 109.494
258.456 366.579
1007.221 591.949
205.37 166.801
988.442 584.147
6846.15 3784.411
217.869 170.595
51.149 172.447
2346.661 1217.245
583.806 365.11
815.282 1596.128
885.5 2036.237
327.089 218.681
41.429 281.361
492.519 418.965
95.134 43.984
34.555 38.105
216.143 115.785
1509.155 867.283
588.231 366.529
990.86 731.315
307.116 253.01
61.079 79.143
305.37 211.936
10339.131 4256.326
457.449 377.678
337.602 401.272
213.891 108.102
912.304 606.33
345.871 295.564
361.463 569.952
988.561 584.724
377.316 124.983
583.377 363.952
508.165 232.204
446.151 305.921
137.217 48.456
705.598 1100.002
798.596 491.672
967.62 573.558
1077.71 821.304
198.125 1087.27
718.37 780.694
458.309 415.799
2379.995 1623.596
354.295 418.801
551.199 1038.624
42.137 54.731
404.103 241.196
2262.365 3120.905
77.108 79.931
489.975 755.212
3376.435 3647.541
159.574 171.751
261.537 110.862
1972.589 1750.72
3030.23 4288.572
140.179 61.96
1864.988 598.221
36.21 116.927
184.647 3711.589
2253.714 2964.521
1238.13 1062.661
272.645 341.406
3784.344 3336.44
310.948 210.775
51.874 85.444
431.91 1676.065
306.298 361.043
1861.262 587.218
93.454 52.828
219.226 110.461
181.979 153.565
1112.412 801.38
624.168 377.838
149.785 138.17
61.607 47.038
3668.434 4739.144
1364.957 789.31
196.08 152.405
107.476 426.392
151.862 139.191
289.004 321.962
1170.252 2234.367
534.43 627.065
122.642 110.251
2504.478 3336.554
66.053 139.83
468.845 430.094
533.463 2489.609
217.337 750.693
211.298 323.17
247.61 149.164
137.282 865.288
3124.578 4166.049
724.054 285.224
119.855 106.087
50.684 41.737
273.042 98.859
1967.257 1978.815
1233.756 1068.968
504.155 415.328
139.275 1056.852
213.629 217.199
59.551 292.387
340.852 226.308
1396.896 2757.227
822.139 484.054
2497.988 3857.212
1093.174 2271.368
55.578 146.557
2558.652 1116.057
532.082 2444.712
1175.617 993.985
121.711 107.134
1873.661 2987.788
85.77 81.368
675.903 385.304
2106.826 3145.629
151.386 128.384
122.807 109.537
2556.441 3632.161
108.719 72.086
126.97 114.423
2991.853 2043.283
4263.456 2092.515
236.822 117.159
316.34 210.544
483.283 1024.854
1062.608 880.777
1948.446 1335.816
367.804 494.275
224.405 170.001
539.645 699.182
58.206 226.975
120.582 107.054
307.275 213.262
1272.06 992.681
942.725 84.354
154.393 132.533
215.11 206.843
150.633 136.192
435.504 152.717
729.71 455.605
1553.14 2536.637
93.216 117.865
1262.28 664.442
1235.722 1043.744
588.476 364.08
138.682 135.168
2273.719 1498.22
1274.214 1056.656
7220.531 4991.396
189.473 92.509
235.687 115.686
84.54 49.026
2228.525 2971.969
152.108 97.197
2064.023 1499.906
2614.65 2280.164
177.613 69.147
547.048 710.151
405.682 863.05
1281.243 966.209
149.224 137.544
724.113 686.675
55.162 160.632
416.284 121.65
474.448 205.839
119.707 106.992
345.338 140.573
839.372 523.925
150.447 132.905
31.584 35.102
3581.168 2408.135
2682.439 2952.266
1017.832 1972.974
2026.909 2819.437
581.74 366.127
274.427 210.856
12839.379 4660.948
1136.45 2249.872
293.834 169.151
122.856 108.01
307.697 214.209
375.04 202.58
628.554 287.52
366.513 307.311
309.859 211.593
1012.72 534.123
264.877 454.874
1783.429 1912.97
149.956 137.728
1401.754 995.797
843.516 1338.21
666.805 408.312
223.763 177.247
1227.599 1046.367
871.652 739.667
7672.277 4149.946
159.931 101.691
178.612 147.962
122.882 106.414
1152.604 1009.361
1070.059 558.729
72.676 110.078
358.353 196.05
119.589 106.253
190.289 114.353
981.233 768.912
589.388 366.904
51.519 60.77
299.354 269.672
825.462 1013.233
1211.392 1036.76
2040.626 420.313
2459.327 4096.537
424.845 798.352
238.737 406.757
46.604 38.877
383.44 165.259
296.024 166.757
1386.243 1278.535
114.346 89.437
312.459 102.769
231.946 365.077
136.719 204.112
36.107 111.379
3161.488 1012.789
2640.111 3743.18
77.653 168.779
704.148 328.833
520.712 608.193
300.136 137.302
582.477 364.864
803.031 488.705
188.557 123.777
372.724 345.679
121.776 107.508
305.245 138.165
2787.451 3128.03
363.341 273.561
2538.983 1659.318
223.779 101.288
62.854 328.362
203.298 293.614
1475.565 1369.343
2712.991 3545.612
424.583 736.46
809.038 488.857
2598.55 1423.144
431.61 405.121
366.173 287.169
92.121 79.009
2414.796 1244.309
590.396 1010.824
153.691 133.325
1268.046 817.624
8234.046 5379.803
7073.227 3691.119
1066.945 1056.529
160.961 59.508
11.055 28.729
1316.333 1983.82
44.943 40.202
1911.741 793.1
903.34 783.762
63.474 100.356
100.657 122.611
120.58 107.327
588.802 219.103
3056.333 1684.217
7131.325 3775.069
125.078 109.356
68.821 54.562
73.93 131.472
2285.932 3222.429
121.982 105.88
309.077 364.262
73.501 199.545
357.317 214.662
2320.963 1502.504
177.635 99.298
121.648 106.685
342.82 234.713
77.642 108.54
1333.239 1194.824
150.691 147.691
84.097 49.446
150.624 137.333
12772.044 5168.217
236.722 117.516
120.204 107.514
1081.374 1990.871
133.674 436.304
177.77 127.02
10.774 18.95
686.808 826.197
39.61 53.203
17.094 53.783
626.173 1596.594
1051.193 551.466
1201.214 1003.52
308.29 209.625
865.846 459.838
329.831 217.99
82.625 50.388
1779.525 1413.091
455.488 592.329
801.404 342.85
220.639 235.133
2683.391 3205.29
13047.431 4771.524
139.774 108.906
52.567 58.898
430.456 399.987
629.188 531.493
10.941 28.917
181.84 69.71
2233.713 3587.524
119.148 113.953
164.73 82.879
1347.054 818.617
472.145 2101.207
1878.005 3755.164
196.668 297.837
4670.619 3337.002
178.853 131.259
472.204 234.037
705.177 429.044
25.02 29.496
446.222 271.559
489.348 204.307
150.714 114.188
2825.796 3697.415
7075.401 4677.756
36.442 76.182
324.242 363.328
587.924 365.241
2816.679 3122.142
94.712 118.952
4301.576 4531.065
26.904 30.011
1983.798 2723.597
24.061 49.089
589.518 1016.152
1009.717 729.995
404.798 594.708
3581.415 2517.986
1219.368 1338.76
2443.063 2681.279
2358.68 2359.418
122.723 111.454
116.165 436.732
221.617 176.236
214.355 172.091
305.016 213.194
703.155 329.446
2130.238 2776.268
422.413 250.931
13344.379 4892.883
1827.322 2919.607
3099.088 3928.664
3376.407 1462.431
1853.324 1413.523
76.817 354.731
3104.752 965.199
1264.818 2023.929
2512.14 2092.773
1016.758 1971.77
3199.71 1378.764
386.517 293.484
90.443 91.051
33.316 26.773
5067.007 2865.297
998.6 537.715
1223.45 1040.789
802.17 1590.751
80.893 105.835
1721.829 3200.965
2008.248 4419.08
157.826 147.068
68.52 54.076
140.638 468.56
227.851 170.104
671.716 486.977
265.412 153.749
1023.975 735.537
118.926 105.579
321.919 389.738
208.182 97.561
467.228 201.444
1714.887 3342.22
1862.975 583.445
312.879 155.76
112.491 96.804
121.797 106.992
3134.798 4119.441
22.816 24.597
94.255 82.541
125.466 110.592
969.014 533.776
123.696 109.917
138.128 107.186
2936.096 754.834
7714.178 4169.397
3272.538 1089.57
1839.199 1428.867
215.844 130.483
54.527 46.408
1343.438 804.57
122.149 109.741
238.456 175.418
174.872 211.168
385.286 342.984
2086.364 3030.917
308.333 210.327
32.825 98.524
3125.368 3907.844
808.293 494.725
2321.77 3402.856
115.539 439.091
66.736 127.965
2637.226 1126.479
824.734 388.322
66.596 70.773
81.819 74.331
21.791 52.489
319.379 122.685
1252.878 989.318
1921.793 4000.423
120.747 107.458
94.336 48.647
986.746 531.933
321 733.218
584.286 366.921
303.921 230.666
1874.756 3308.626
560.924 351.378
1169.398 2282.704
13231.487 4924.693
48.3 40.306
119.772 106.655
4450.881 3680.167
111.914 190.649
170.521 95.137
123.844 106.439
452.626 2254.066
248.451 1103.317
147.521 124.974
121.348 107.006
51.458 89.318
338.389 228.782
1388.724 935.425
147.471 94.334
758.47 375.06
291.814 639.893
224.289 155.788
13.501 11.966
306.448 212.296
149.606 136.696
1117.473 804.746
6882.603 4682.21
1091.424 936.929
141.485 92.043
13074.206 4794.541
677.412 505.148
45.428 26.165
2071.108 2746.028
186.215 290.513
1868.339 4085.419
1947.292 599.96
342.167 230.023
307.848 210.809
1574.857 263.488
137.785 85.877
1697.261 692.334
51.328 82.402
1863.648 592.949
272.285 339.56
3315.883 1429.164
866.867 459.381
1896.139 413.779
110.841 53.055
123.076 125.304
309.053 212.474
989.56 522.702
125.185 111.994
1238.406 2618.868
153.544 133.473
120.105 117.933
107.088 59.942
302.568 275.439
3533.488 1323.43
416.729 731.179
415.118 724.592
383.333 268.523
272.492 1027.054
19.933 23.94
595.674 339.479
1226.018 1328.81
2159.764 3193.677
300.782 1217.443
1868.737 1626.822
123.918 106.836
949.516 750.838
124.169 108.161
430.576 625.717
3016.882 777.002
522.648 309.615
30.199 58.051
106.563 104.745
701.943 538.612
1039.722 1065.282
4516.661 1390.05
151.64 82.162
768.324 1559.27
47.756 85.656
320.65 518.926
1242.571 1508.091
146.051 91.099
121.61 109.988
3889.623 943.287
486.922 209.272
149.582 136.526
516.145 602.52
97.119 66.947
83.081 50.182
1001.101 828.593
71.49 56.389
2429.343 3611.352
182.371 655.586
10.834 28.673
12973.918 4719.233
2488.492 1281.453
395.971 484.932
120.626 106.806
66.368 39.251
515.359 604.416
121.885 108.003
86.192 42.879
946.28 743.768
120.832 108.015
2719.428 1205.76
154.581 133.886
359.584 612.356
35.525 40.07
671.465 415.951
414.457 1008.052
120.204 80.893
2642.904 3290.81
6590.527 3941.63
7408.196 3870.291
226.486 2923.382
568.391 1174.108
583.623 366.787
1942.46 1457.455
675.4 263.344
120.551 107.903
582.13 367.165
121.633 106.71
630.813 290.882
752.465 322.764
122.966 109.88
285.548 167.95
3982.185 4165.078
190.238 117.853
2961.421 3521.047
143.761 83.683
2784.358 4073.411
241.344 120.318
345.165 262.701
1032.003 2077.11
68.495 53.316
129.644 229.929
337.698 3775.397
547.873 786.289
125.014 109.974
288.443 153.183
271.366 155.621
971.369 863.65
2679.855 1940.229
1413.643 855.457
1178.065 930.032
17.197 25.776
2997.396 2197.409
55.526 78.449
786.626 363.303
3152.596 1346.458
151.601 137.04
18.394 21.462
124.993 108.869
1559.116 1408.954
994.835 583.955
150.507 136.74
7166.815 3861.846
120.631 108.245
2155.119 1294.118
1182.835 2443.919
43.668 69.725
2612.081 3522.831
36.223 60.642
157.708 272.433
237.705 605.859
313.809 541.066
343.247 1389.887
380.478 233.467
483.318 407.603
1179.419 1005.228
120.393 108.538
183.392 135.391
124.258 108.076
150.074 137.6
4351.979 4633.108
105.573 81.942
1234.761 569.371
346.704 295.6
184.319 121.567
624.875 554.917
2308.573 1498.635
2462.574 4944.021
308.814 278.566
121.187 106.215
606.999 451.047
122.955 108.682
150.017 137.097
365.328 352.781
812.222 621.203
844.677 216.793
147.691 1036.206
707.667 635.977
815.626 754.303
20.579 21.53
276.877 415.232
565.042 379.291
115.628 135.838
294.004 166.386
34.181 36.17
3096.226 1321.126
3165.388 1016.855
123.649 195.025
1103.236 937.941
673.71 536.408
3703.437 3217.532
307.935 359.778
270.375 97.867
2618.281 1685.503
254.149 378.193
1927.937 1244.511
660.089 1882.675
224.435 171.836
261.588 500.753
122.275 70.135
293.043 169.043
71.052 152.491
493.956 341.733
218.284 169.399
1565.009 2447.571
1230.418 2621.36
184.939 282.097
2886.767 1285.609
122.012 106.789
229.816 110.626
124.298 110.341
1264.623 819.886
392.279 291.212
701.213 432.036
585.466 364.079
693.941 1766.835
289.823 254.29
55.254 157.42
381.062 464.926
1955.245 2989.784
490.568 418.711
148.939 139.407
69.121 60.547
324.365 501.517
930.131 991.812
1827.307 561.355
28.704 21.964
69.503 53.699
148.173 131.846
322.59 126.999
626.97 288.435
542.937 721.01
121.902 107.475
222.165 177.466
4445.415 4185.195
434.287 403.222
482.375 544.49
46.878 39.973
63.867 82.775
2779.972 719.404
2623.061 3482.367
847.787 1008.536
145.752 144.244
1212.451 996.067
19.167 19.52
123.477 112.038
10.968 169.999
514.779 269.747
652.987 580.399
249.684 305.865
321.363 1069.988
127.559 106.364
645.259 229.751
799.581 122.336
306.929 212.423
19.933 21.315
86.363 115.108
5197.978 4667.202
349.14 230.957
193.102 225.847
2429.421 1145.91
121.011 105.929
786.097 467.806
24.399 24.1
139.796 230.106
1099.572 790.402
307.118 361.402
703.569 430.307
366.125 308.656
719.028 329.149
121.885 112.154
739.537 265.681
121.838 107.642
192.968 249.094
430.443 389.97
89.979 3098.587
447.923 2249.334
305.503 212.415
615.695 476.452
2312.041 3215.403
236.214 3767.191
496.789 754.795
4258.271 1266.403
162.467 1268.85
1663.924 1529.084
1035.215 265.986
1801.871 2897.078
1829.962 3048.846
655.761 389.535
3387.28 3389.06
137.465 108.718
1125.463 804.264
83.253 91.193
6744.41 3726.613
120.45 65.116
415.592 837.096
69.351 52.358
86.269 57.64
93.418 105.181
308.869 213.107
52.744 33.05
19.482 25.192
808.193 489.345
1167.741 1452.524
151.914 137.691
281.749 167.293
165.623 225.398
827.804 862.196
655.356 665.586
2313.843 3169.933
31.183 27.111
1063.62 878.774
45.459 141.695
300.63 166.282
171.078 95.562
123.456 109.917
305.314 368.455
964.286 439.166
214.294 328.462
2789.446 974.528
431.187 401.239
120.657 107.227
432.521 400.274
756.218 370.781
2642.843 3952.756
49.729 82.892
76 88.614
2167.538 1534.214
199.491 273.502
138.191 109.761
2213.716 3103.413
13787.141 5004.551
2023.282 2728.891
576.636 654.274
3134.342 4066.336
1402.472 2775.795
1942.973 597.445
965.73 493.621
149.716 135.97
152.458 136.79
123.449 109.11
753.962 640.948
4428.895 3468.958
1100.226 643.963
5054.332 2857.79
975.184 534.552
123.287 108.701
2549.306 1109.207
38.42 81.869
583.498 363.185
1256.177 1937.422
26.447 31.328
144.046 278.778
307.201 211.529
1726.852 2933.95
146.242 91.404
686.015 868.803
977.483 526.217
438.723 477.71
169.63 134.918
1144.647 962.053
1893.612 1722.354
1979.787 1120.336
151.553 267.136
3841.953 2438.831
20.376 54.073
1143.957 785.279
586.627 381.934
444.254 267.907
13006.423 4689.93
505.86 2074.165
2136.485 3046.17
381.68 354.384
3108.292 3354.428
425.521 682.444
1386.485 1162.064
225.999 172.649
2455.267 3681.638
700.635 429.076
99.395 144.546
61.366 46.348
285.9 264.496
37.001 36.737
583.659 365.413
428.738 236.29
359.902 230.062
2071.96 1402.629
307.142 365.24
17.814 41.657
2345.789 1353.491
3333.249 2433.073
2289.007 1398.438
2325.395 2641.883
134.303 218.018
3147.831 4484.487
136.341 197.831
3129.003 3791.795
372.26 199.221
52.187 61.536
120.922 110.005
5153.068 1542.012
120.778 108.622
927.204 510.661
2014.171 1473.193
150.373 136.25
2001.452 1475.743
2777.51 1229.823
941.394 1064.58
993.176 842.393
149.186 136.779
120.198 107.505
439.317 663.494
147.55 132.635
2175.962 3115.672
2207.963 2948.536
17.44 17.567
1057.152 852.245
362.421 598.246
2388.854 1380.209
845.34 122.305
106.426 59.837
167.864 183.53
203.591 285.702
805.385 355.596
122.17 108.923
383.508 407.35
714.861 966.426
610.725 570.795
3653.861 4300.491
680.977 1921.995
48.483 110.646
3101.624 1351.358
2246.562 3034.227
310.788 211.382
180.242 204.779
59.639 36.011
11.429 21.638
13.148 14.122
5435.505 2702.224
150.373 135.072
854.094 410.998
54.807 157.343
1857.316 586.369
1514.899 1681.507
178.205 172.5
1855.048 584.146
1847.159 148.691
225.162 177.937
1542.227 2567.557
699.845 1484.513
9338.611 3997.796
582.013 362.893
261.8 173.923
451.233 453.88
15.301 17.2
462.095 576.814
985.013 580.505
1886.915 2158.116
120.579 107.042
1399.563 2767.852
1002.658 590.918
120.028 107.297
136.164 88.843
231.829 273.424
704.18 596.412
123.162 108.806
750.314 380.133
1949.931 1465.506
1131.422 83.299
609.611 1333.453
97.596 84.703
447.217 337.775
269.292 606.2
122.623 109.579
121.39 109.774
1813.898 1432.547
122.909 111.474
430.231 404.134
43.095 99.813
1263.087 659.18
168.966 894.788
6946.977 3817.076
142.18 139.208
226.877 168.44
2791.544 3763.975
597.169 3350.284
58.914 46.86
292.257 167.005
184.571 265.906
1450.351 1168.124
151.1 136.396
1118.981 937.628
82.939 47.879
795.856 2230.389
120.938 107.448
328.268 508.266
868.317 1716.263
1049.36 592.65
686.607 1378.986
122.52 109.881
667.199 318.65
118.913 106.793
2407.196 1717.716
851.523 954.03
3002.031 3517.769
1944.034 599.336
2655.735 3235.201
111.567 105.066
4988.286 1487.96
573.425 814.214
144.623 97.363
2296.473 226.108
30.999 31.749
2038.709 2384.975
1276.218 825.565
6919.869 3718.109
969.299 873.268
110.526 146.143
1834.045 1638.997
410.174 674.073
97.16 126.607
1811.652 1608.866
571.67 493.638
91.893 75.005
395.536 215.442
16.454 26.467
21.703 22.279
153.199 82.742
3206.746 2150.31
2774.079 1213.69
6928.216 4770.703
268.578 192.272
453.507 219.625
104.655 121.898
343.477 228.534
342.23 225.864
4540.096 1168.624
13.694 14.096
1999.085 3047.427
355.506 507.602
2286.993 3353.227
276.476 189.208
305.576 137.774
1852.018 715.378
544.447 2476.793
309.41 211.514
297.092 148.133
891.926 2015.935
4081.039 2238.007
796.532 605.392
170.143 127.015
150.605 138.976
94.546 63.431
1044.474 798.494
149.141 139.181
35.211 78.545
184.869 124.017
3053.117 1271.681
148.745 136.758
593.799 359.191
646.296 505.954
325.246 155.934
72.538 108.227
796.008 1960.346
89.656 291.707
3638.252 2556.946
176.613 86.265
237.453 119.915
150.793 137.467
48.211 39.12
1067.86 839.612
733.263 653.484
20.706 36.997
534.716 353.328
30.32 90.775
509.66 375.698
2857.036 2107.433
78.348 71.767
1995.523 1043.499
309.242 212.143
299.775 217.224
588.728 362.177
1737.713 2686.759
3078.835 3351.73
348.504 340.811
288.03 185.421
2922.263 1289.421
68.596 53.774
108.255 37.206
91.891 95.177
593.596 439.262
434.025 402.54
2461.15 1421.194
340.778 231.054
1933.883 2881.255
1214.972 1325.935
199.623 554.648
287.96 339.878
1951.573 2281.227
2500.472 1418.232
95.755 74.45
1213.035 1339.093
463.608 2240.836
582.226 366.709
291.242 167.21
63.408 80.081
310.554 210.006
587.703 363.879
216.683 118.45
1058.563 923.621
1786.654 1642.866
149.892 147.985
309.036 359.793
91.865 43.017
1062.051 2692.163
60.015 79.245
631.703 366.311
592.074 382.331
305.326 357.637
2359.554 2892.009
814.828 742.412
1079.961 84.401
407.79 656.125
418.652 212.552
216.027 122.104
356.002 250.662
3125.911 3708.928
1851.311 914.691
1062.234 875.285
206.622 174.493
3346.448 4011.189
785.038 115.425
3572.073 2407.126
806.329 400.699
426.912 419.704
5176.708 2063.073
559.601 377.693
582.39 363.02
1741.278 674.639
589.396 368.732
222.767 108.026
149.733 139.5
149.669 138.561
83.079 48.91
2421.573 1364.526
220.504 112.523
510.478 277.511
959.829 867.103
2486.443 3317.251
514.331 2136.929
166.512 104.084
4320.119 606.226
7624.145 3976.963
737.676 569.445
306.965 362.449
2372.056 2021.576
330.367 172.053
185.574 95.362
909.87 1690.051
3327.941 2430.383
169.786 890.28
1052.947 870.299
244.38 325.76
2993.753 820.653
179.124 553.38
279.675 235.488
3340.601 1988.649
2560.21 3460.12
791.178 494.225
93.75 281.149
581.596 368.046
503.514 210.377
2236.865 3462.513
76.243 71.48
1031.786 1941.947
1051.554 820.768
2660.128 947.658
351.511 137.616
68.454 54.632
1791.925 3795.941
733.404 911.335
308.857 173.69
429.367 401.25
121.782 109.014
1083.857 743.625
858.545 1306.198
681.915 529.108
189.678 228.944
58.115 157.641
997.56 543.753
1932.881 2898.394
52.168 27.728
224.917 373.879
359.867 477.727
302.825 275.478
1204.44 84.916
2418.797 3800.219
250.901 346.114
28.836 52.243
1170.71 2196.095
1218.418 2158.497
91.021 70.761
663.781 420.817
126.047 107.911
591.719 1017.247
1371.085 840.38
82.957 51.694
447.044 385.195
1080.42 334.672
14733.772 5063.442
827.479 530.412
1121.832 744.825
971.927 781.806
1066.892 933.65
530.031 532.8
477.706 1365.173
3636.771 2734.507
1633.741 920.597
186.647 106.134
122.792 107.159
24.537 24.795
120.752 107.935
1061.885 2122.554
112.416 72.511
121.758 108.215
248.753 120.945
64.717 70.487
123.488 108.709
751.437 459.805
407.977 287.999
229.147 250.29
2085.707 3053.385
4133.539 3758.177
933.007 566.586
43.725 95.802
474.404 435.787
834.991 554.63
2688.302 3823.78
1094.325 686.7
1050.19 616.468
587.1 367.292
100.775 56.9
3053.232 1306.209
162.048 1787.794
207.198 347.927
516.194 606.601
1173.818 2192.847
3567.189 2098.893
117.312 205.854
148.933 131.778
1069.431 483.693
363.801 199.757
272.303 98.986
56.462 129.95
1562.247 3770.263
14670.473 5086.593
151.648 138.775
25.189 26.101
603.468 1017.709
77.265 274.092
3623.477 1767.89
1547.934 717.842
169.039 121.223
583.385 363.542
1130.308 2112.885
115.757 138.939
2332.631 1351.113
6965.723 4651.913
6849.475 4732.68
6827.58 3819.462
843.96 438.553
1869.859 3863.024
1108.275 793.173
271.316 194.904
112.973 67.267
25.455 30.603
21.533 30.162
331.895 136.136
220.348 185.956
178.158 658.273
431.566 409.344
3908.781 4170.029
438.09 256.9
1977.994 3021.501
30.582 31.59
433.947 212.689
784.363 366.12
1063.203 637.417
1065.979 504.556
1268.306 1987.075
2412.498 3468.14
1137.111 956.505
798.944 485.373
2350.615 2695.341
1714.039 2781.873
62.756 79.239
911.866 614.858
1909.96 752.073
150.853 95.026
225.18 170.09
113.614 62.039
580.83 364.72
982.549 578.875
122.825 108.8
955.717 4692.619
1217.008 1039.376
149.831 132.334
496.977 204.218
1496.942 870.759
67.774 53.675
3673.277 3387.507
1316.275 956.766
149.831 137.562
15.291 24.841
3003.845 2712.642
121.511 107.015
89.129 3776.68
1088.384 801.119
324.614 312.936
31.295 35.226
818.076 267.616
95.953 73.275
82.86 48.823
219.179 173.625
1217.159 1757.698
134.052 239.801
2953.45 2187.419
75.959 33.519
129.401 107.844
126.474 69.1
1129.06 940.067
518.939 231.417
251.789 765.645
608.175 1571.833
1548.066 2574.492
1164.594 648.105
618.079 352.231
815.102 806.808
149.73 137.327
1103.397 663.509
601.682 1192.912
1154.5 1756.084
1087.277 799.1
2069.284 2897.748
582.559 367.654
5144.17 2826.85
18.775 22.136
124.071 108.775
2153.586 2823.873
109.179 105.307
205.042 210.975
1024.643 752.521
1254.438 2601.327
7006.174 4676.247
463.876 699.25
1858.655 2997.021
120.086 106.331
304.66 211.757
504.233 265.43
146.073 277.379
585.561 281.507
602.403 938.316
696.27 331.069
2239.541 3395.566
581.544 366.602
162.746 365.608
45.15 117.457
832.837 554.701
1940.698 1459.779
2425.896 1188.292
77.94 365.532
588.198 365.829
247.708 1549.15
91.835 91.283
780.418 362.712
589.74 1557.747
200.236 47.198
151.334 265.216
263.407 424.966
2815.224 3739.996
306.591 211.356
122.284 108.152
1200.95 2439.182
308.203 211.867
340.787 234.97
125.824 102.105
122.939 107.487
149.931 145.741
157.39 133.859
309.369 211.763
493.256 612.537
156.913 133.543
119.581 107.755
12.804 31.51
690.878 343.661
634.813 263.571
584.04 366.256
153.872 133.998
355.292 393.232
342.231 227.901
1217.404 1038.527
1219.484 1339.773
2192.316 1630.667
91.551 44.275
1339.081 1566.703
3129.333 1353.944
700.596 583.701
88.022 686.642
180.399 242.09
343.414 227.639
2859.02 987.004
3153.661 2004.547
136.292 87.702
383.305 158.106
963.673 2125.695
1102.547 646.807
310.424 209.839
60.267 66.728
3739.999 4640.036
121.808 105.949
527.502 737.047
1058.296 2244.186
489.97 343.407
588.461 366.031
1259.94 1940.372
375.876 236.268
121.839 106.793
120.403 106.376
401.327 1797.8
1090.729 1008.872
3394.523 1907.688
152.28 114.841
152.012 203.444
63.012 80.153
153.4 133.2
1761.891 2941.752
3356.903 1962.989
67.932 52.975
592.676 358.516
77.879 59.072
609.05 358.585
66.316 52.156
607.496 657.708
1532.053 832.98
82.486 47.891
1341.8 810.405
152.639 137.589
1943.525 596.791
1461.232 2690.25
2898.011 2045.957
428.437 400.717
2962.899 1302.349
163.608 151.771
115.809 63.934
206.654 251.566
99.228 65.436
370.254 311.494
2992.551 997.366
179.88 182.654
292.176 169.09
313.031 210.551
862.649 492.422
129.988 207.999
905.029 598.559
25.347 23.093
1339.005 1158.061
6811.196 3778.296
2208.007 2987.061
2613.152 2522.515
1142.123 92.662
285.323 274.39
475.684 336.883
311.442 212.122
587.562 461.447
819.019 383.626
416.486 354.925
1915.777 1085.672
1032.836 2068.733
264.961 153.825
1230.883 2566.422
45.899 40.54
1171.037 2515.876
2640.098 3874.353
338.374 147.437
139.005 107.618
235.38 117.311
23.251 28.939
36.468 118.02
310.505 365.203
403.183 140.085
985.96 439.285
7144.846 4885.36
513.51 441.309
121.557 107.421
1017.032 851.3
122.956 108.13
122.366 107.77
124.474 126.624
2895.33 1363.219
1162.778 783.204
340.624 490.513
3109.426 1035.28
2511.27 1314.664
365.543 317.843
3593.386 1763.452
4327.984 605.691
382.468 165.833
121.296 108.171
20.608 25.959
38.493 34.084
59.168 97.93
903.328 1711.137
7218.927 4736.676
2008.829 1490.815
435.258 401.656
493.768 418.502
882.164 405.249
3706.123 2473.082
169.561 94.972
574.729 629.559
350.552 292.895
53.584 300.409
1498.59 2315.563
32.386 29.705
1169.219 513.924
309.84 366.918
544.366 2496.117
39.331 75.607
248.495 764.861
1150.099 767.744
149.921 133.928
398.592 419.617
1163.746 1020.011
48.565 26.444
2015.175 3190.234
251.869 121.488
309.781 154.335
188.391 159.585
1092.455 954.783
662.435 668.261
1765.115 4443.133
121.029 106.856
3021.391 4155.664
1086.673 1023.335
266.385 871.974
585.317 368.837
512.807 599.402
4316.47 1366.858
149.209 138.698
1857.406 594.036
47.737 40.554
47.427 77.883
820.341 484.86
296.998 166.331
222.867 275.562
1137.945 772.978
600.378 2411.036
157.57 89.502
634.772 645.886
118.683 77.81
1006.616 2384.369
838.022 809.914
307.74 362.208
246.549 262.835
157.274 135.599
2500.545 1330.909
1056.197 1662.67
582.178 364.665
65.77 322.413
2192.909 1176.241
1019.816 188.68
219.077 358.12
327.987 155.377
25.429 24.731
191.887 110.954
476.839 361.305
722.604 681.933
1947.151 596.94
53.529 300.065
202.57 343.404
660.9 2142.293
3888.682 2305.831
6957.735 4650.661
2640.707 3787.368
848.505 896.502
304.946 214.352
2670.41 3634.939
121.946 107.578
360.613 230.64
124.571 109.652
137.171 84.326
6921.915 4735.791
1127.434 941.837
1008.368 545.041
77.819 97.361
2888.691 3805.824
948.357 490.24
149.658 132.725
47.905 38.578
317.112 331.125
258.422 446.722
1925.56 1452.696
60.676 308.887
526.78 610.941
133.394 100.586
47.928 290.233
1114.972 844.559
96.73 84.093
48.617 30.238
211.115 211.761
1936.225 1030.837
716.785 2827.844
1090.807 656.647
6587.893 3940.304
485.291 627.14
7808.188 4206.943
65.873 95.714
169.238 94.595
1845.432 1636.415
311.947 154.77
2448.676 2320.546
62.208 79.531
1792.289 4480.306
415.03 728.522
203.072 94.38
258.02 331.17
149.051 169.564
51.84 46.325
2309.648 3415.025
104.305 180.161
251.677 767.632
1127.44 811.216
898.008 2066.872
4327.73 1366.805
584.171 363.099
464.653 342.907
170.74 94.643
205.133 352.655
578.188 1623.376
2758.808 3679.41
26.981 34.835
133.948 70.61
171.54 108.179
1141.482 980.954
580.779 368.605
571.64 487.898
2938.843 2128
203.899 300.773
179.798 215.113
22.708 21.273
291.126 167.418
800.916 1530.28
317.176 212.956
159.963 538.65
61.704 79.292
3400.994 1916.523
224.877 178.977
108.973 104.901
1113.878 936.656
1181.85 923.055
341.824 226.741
3348.458 3918.622
1126.641 937.032
3521.696 3320.915
525.224 1385.7
204.055 322.747
1953.535 819.722
581.71 365.158
522.752 231.903
424.416 152.972
120.06 115.059
231.785 213.39
445.819 593.552
622.51 282.232
231.654 115.324
302.114 169.325
139.412 220.699
1914.571 1434.738
44.519 32.143
306.359 211.32
7341.226 3853.165
12738.513 4666.035
917.747 766.342
54.658 61.435
1185.969 982.637
279.589 600.04
192.965 318.977
114.043 99.416
2977.72 1301.293
893.921 828.716
194188.848 308.977
139.353 107.83
413.214 1013.507
2844.649 3584.306
3298.077 1610.043
92.497 93.882
39.993 96.519
2124.038 947.957
99.141 131.549
1040.81 551.324
495.167 1917.997
113.23 440.256
285.95 346.381
579.609 363.971
128.751 47.906
3343.46 3155.256
390.857 434.273
361.074 437.46
1405.586 176.749
712.446 331.489
324.476 217.717
308.136 360.33
26.115 43.529
1549.589 2781.142
101.134 101.404
431.723 1652.128
2472.765 3244.457
310.728 217.306
812.468 491.311
582.185 367.407
1041.647 562.006
676.897 538.005
832.839 983.324
239.708 177.774
281.734 170.098
1413.289 975.983
1171.619 488.801
1871.5 776.349
7.755 12.019
1148.836 770.198
307.523 209.305
3808.841 2285.76
1844.032 1322.957
1249.642 813.441
383.948 432.993
1061.692 881.515
148.209 147.372
460.811 1672.273
612.311 140.565
2830.986 1204.935
1697.018 2425.624
138.32 1483.551
967.919 438.436
148.586 127.456
309.968 148.54
4334.093 1371.413
7631.909 4131.625
6982.646 4692.185
539.914 354.643
605.551 1191.489
573.468 1299.823
76.447 76.419
590.176 1561.56
2379.385 1558.743
102.235 113.36
4476.231 3606.802
2114.807 2758.048
552.185 422.314
4472.878 1183.731
408.604 873.878
1991.502 2732.625
99.048 130.239
393.469 362.486
309.557 210.704
354.376 235.364
276.326 281.641
1036.118 742.088
3318.023 95.608
124.918 109.613
3028.263 796.921
121.266 107.036
583.578 363.081
2265.486 1429.714
357.835 355.683
1367.944 834.313
18.622 24.07
357.55 398.969
309.671 549.691
312.18 216.454
305.178 211.143
871.05 751.796
26.693 497.317
2948.271 2411.822
3622.121 3775.857
54.075 40.331
23.713 42.93
32.056 26.69
149.712 137.975
524.623 492.022
305.268 542.471
300.327 292.524
4376.649 1418.575
1859.487 935.737
2201.464 3435.251
4545.555 1237.363
849.689 411.657
94.459 332.702
149.846 139.057
2888.349 3658.835
1412.7 2774.642
14.734 16.905
2968.959 931.595
1850.16 595.212
582.299 2376.239
3570.278 2395.474
194.685 322.5
3717.318 2816.257
62.392 81.006
116.1 89.687
121.927 107.584
542.902 581.802
352.977 165.843
1939.749 595.691
1064.803 830.435
8211.471 4291.544
62.901 80.895
1994.218 1190.274
1067.959 877.451
587.294 364.74
2131.312 2998.96
26.93 22.058
451.489 2264.612
2301.658 3209.952
48.801 40.56
309.386 364.053
2152.57 301.091
580.004 362.267
171.44 95.977
1253.567 1390.407
103.105 107.806
556.031 948.657
398.948 329.386
1219.869 1032.914
177.818 122.053
866.608 2088.387
1828.074 567.482
1018.198 547.664
296.105 261.523
239.976 145.627
444.942 273.099
151.981 113.888
307.284 211.902
403.917 506.604
4488.487 1545.035
120.879 105.802
1606.544 1857.368
3804.735 2289.974
147.441 141.654
3040.232 841.625
969.918 526.568
309.544 153.353
3429.836 3609.389
2892.442 875.612
302.02 138.063
724.498 450.375
66.911 69.69
3452.806 2086.116
211.008 105.745
46.717 34.717
1099.591 2082.491
21.042 56.584
291.467 175.02
652.033 1586.728
322.305 731.591
136.976 87.343
583.565 367.057
3490.279 3249.392
864.367 2016.445
26.953 25.347
4109.365 3117.166
166.38 103.256
2278.697 3916.402
221.153 2973.219
121.955 111.243
175.874 244.689
163.26 190.488
146.984 142.084
2506.665 1577.605
2481.242 2441.712
1916.081 2875.933
2835.589 3648.907
1215.643 1324.528
85.931 109.946
365.244 200.848
1783.585 945.888
29.792 32.137
1899.082 1444.287
1962.816 290.981
590.019 369.593
1012.419 884.853
7592.942 3895.604
45.398 43.414
1856.885 763.45
1556.204 2514.146
51.703 90.893
34.539 27.421
122.54 107.907
1042.106 547.802
2331.133 1351.117
1924.998 1104.698
162.123 160.593
100.042 150.568
120.906 106.407
842.925 127.262
429.342 399.616
91.753 91.14
2060.319 2167.977
36.871 59.172
345.415 718.94
203.342 256.7
1141.633 646.36
148.416 75.167
61.182 607.603
26.005 27.455
2570.088 3647.93
85.722 162.902
254.341 79.573
1911.306 1082.774
298.023 306.263
578.045 262.6
695.943 674.279
89.841 135.229
156.232 148.636
125.158 107.521
818.641 431.427
120.439 109.753
2047.951 2371.381
91.048 62.771
221.574 148.091
991.045 536.135
440.757 669.665
85.41 133.994
644.931 377.212
143.374 119.952
122.701 108.51
2754.87 1206.445
581.459 363.713
780.746 358.731
1690.645 1240.015
1449.662 989.531
6793.996 3761.377
225.504 77.48
1060.227 616.75
900.571 679.778
1021.032 321.598
2271.312 735.175
2320.756 1516.362
145.547 233.216
1409.606 115.761
123.635 107.365
28.693 36.135
353.925 135.512
4023.179 2277.018
323.896 123.167
1764.566 921.649
52.906 86.391
443.878 994.677
796.486 1542.046
1567.955 2469.774
16.831 35.182
468.861 437.284
2901.964 4062.507
167.979 536.668
1057.677 635.32
1951.568 987.941
280.205 175.876
3257.3 4210.027
681.378 322.485
150.782 104.089
126.576 113.477
51.908 61.473
12594.529 4651.819
1705.261 1643.85
792.028 605.925
271.658 301.847
1078.052 831.658
351.434 810.551
2442.708 1180.007
466.226 2236.01
26.973 27.152
170.877 895.119
1153.324 2240.533
1147.461 680.868
586.643 368.122
295.19 167.486
120.378 107.055
213.165 344.647
485.835 207.764
4365.764 1402.81
340.143 227.9
674.626 1704.226
581.586 362.605
163.697 223.984
529.568 726.985
51.419 62.035
121.691 111.034
197.308 238.342
309.68 362.24
330.403 135.809
799.553 1552.997
988.302 536.617
195.802 511.723
312.247 386.599
2070.772 1689.907
34.969 36.609
342.865 227.848
232.906 114.859
2554.961 3547.348
103.389 122.767
259.135 334.401
1506.675 2679.175
3097.736 1963.755
64.155 80.259
581.661 365.398
125.909 45.023
30.43 33.995
121.902 108.535
123.897 110.762
183.646 261.27
120.327 106.36
2936.856 753.572
4308.992 1373.173
2476.481 1622.816
835.062 552.167
587.862 369.455
1375.798 1141.03
2106.036 1482.956
1956.479 1115.768
83.678 299.959
956.443 1043.655
2245.129 3053.36
40.105 129.93
427.555 67.689
434.729 573.353
941.619 731.003
3576.784 2393.091
840.283 439.411
736.531 360.45
305.205 358.629
308.646 363.653
192.598 105.756
121.883 107.392
136.485 200.688
3082.955 2412.057
431.279 505.086
49.514 44.201
239.896 116.825
127.115 131.125
211.908 248.341
105.164 64.731
164.488 96.364
565.022 381.755
30.103 33.6
62.855 79.827
1201.747 1006.978
799.891 1533.308
672.05 778.265
1121.584 649.709
3561.009 2415.635
68.487 52.685
482.222 476.768
3259.686 3251.154
138.45 69.495
641.824 1389.251
307.489 211.245
348.222 241.498
355.353 359.997
139.565 137.954
124.184 114.202
50.664 296.434
2286.562 3623.37
338.609 185.659
6812.972 4554.843
846.912 515.241
330.566 134.739
581.336 365.774
46.576 26.263
1224.984 2551.863
2642.52 3421.512
4213.416 3036.847
95.336 333.886
230.953 129.987
32.43 54.347
122.843 109.064
2109.958 1487.883
333.157 3008.765
238.46 328.827
389.26 166.63
1169.713 650.496
2555.585 3431.296
6595.67 3939.2
277.165 189.444
308.427 361.854
1140.715 985.856
593.649 355.681
167.768 93.358
1859.664 591.772
196.103 325.388
428.959 322.306
1863.819 596.385
46.937 25.982
150.119 136.964
1788.452 1196.078
330.981 284.182
3688.348 1677.231
432.637 399.92
2259.647 3189.921
630.653 530.111
1865.783 779.506
23.803 29.327
6820.388 3809.889
481.826 892.29
73.563 61.443
1911.802 628.817
202.677 275.311
175.153 109.541
1021.31 532.213
121.792 107.966
1792.498 4542.011
714.844 2607.458
272.218 155.394
263.682 426.798
200.851 240.248
2867.605 3497.544
85.994 48.777
585.335 365.722
387.278 260.957
226.931 109.537
148.981 93.936
287.526 338.335
142.862 61.636
4711.41 3024.049
517.231 230.644
1949.213 988.011
2491.798 3847.325
263.222 153.792
195.184 320.42
105.715 225.194
1785.811 675.992
1323.098 1167.454
90.913 97.204
154.617 117.239
256.504 424.722
2792.893 4104.074
590.42 370.22
159.686 173.668
229.375 278.696
839.201 1341.072
1898.513 2999.284
1236.659 1059.593
329.118 521.496
445.604 926.565
985.955 533.775
579.015 278.996
593.28 359.81
122.93 106.673
326.28 360.398
207.11 101.281
51.535 38.181
580.65 365.738
350.906 125.073
427.762 398.628
2375.511 2448.356
